AK	1956	2.7	.9932518	0	0	0	0	0	0	0	1
AK	1957	2.4	.8754688	0	0	0	0	0	0	0	1
AK	1958	2.5	.9162908	0	0	0	0	0	0	0	1
AK	1959	3	1.098612	0	0	0	0	0	0	0	1
AK	1960	3.5	1.252763	0	0	0	0	0	0	0	1
AK	1961	3.9	1.360977	0	0	0	0	0	0	0	1
AK	1962	3.8	1.335001	0	0	0	0	0	0	0	1
AK	1963	3.8	1.335001	0	0	0	0	0	0	0	1
AK	1964	3.9	1.360977	0	0	0	0	0	0	0	1
AK	1965	4.2	1.435084	0	0	0	0	0	0	0	1
AK	1966	4.1	1.410987	0	0	0	0	0	0	0	1
AK	1967	4.3	1.458615	0	0	0	0	0	0	0	1
AK	1968	4.8	1.568616	0	0	0	0	0	0	0	1
AK	1969	5.4	1.686399	0	0	0	0	0	0	0	1
AK	1970	5.6	1.722767	0	0	0	0	0	0	0	1
AK	1971	5.5	1.704748	0	0	0	0	0	0	0	1
AK	1972	6.6	1.88707	0	0	0	0	0	0	0	1
AK	1973	6.2	1.824549	0	0	0	0	0	0	0	1
AK	1974	7.1	1.960095	0	0	0	0	0	0	0	1
AK	1975	7.7	2.04122	0	0	0	0	0	0	0	1
AK	1976	8.2	2.104134	0	0	0	0	0	0	0	1
AK	1977	9	2.197225	0	0	0	0	0	0	0	1
AK	1978	8.7	2.163323	0	0	0	0	0	0	0	1
AK	1979	8.7	2.163323	0	0	0	0	0	0	0	1
AK	1980	8.8	2.174752	0	0	0	0	0	0	0	1
AK	1981	8.3	2.116256	0	0	0	0	0	0	0	1
AK	1982	7.8	2.054124	0	0	0	0	0	0	0	1
AK	1983	8.1	2.091864	0	0	0	0	0	0	0	1
AK	1984	7.7	2.04122	0	0	0	0	0	0	0	1
AK	1985	7.7	2.04122	0	0	0	0	0	0	0	1
AK	1986	7	1.94591	0	0	0	0	0	0	0	1
AK	1987	6.5	1.871802	0	0	0	0	0	0	0	1
AK	1988	6.4	1.856298	0	0	0	0	0	0	0	1
AL	1956	3.3	1.193922	0	0	0	0	0	0	0	0
AL	1957	3.4	1.223776	0	0	0	0	0	0	0	0
AL	1958	3.9	1.360977	0	0	0	0	0	0	0	0
AL	1959	4.7	1.547562	0	0	0	0	0	0	0	0
AL	1960	5.3	1.667707	0	0	0	0	0	0	0	0
AL	1961	5.3	1.667707	0	0	0	0	0	0	0	0
AL	1962	3.7	1.308333	0	0	0	0	0	0	0	0
AL	1963	3.7	1.308333	0	0	0	0	0	0	0	0
AL	1964	3.2	1.163151	0	0	0	0	0	0	0	0
AL	1965	3.2	1.163151	0	0	0	0	0	0	0	0
AL	1966	3.2	1.163151	0	0	0	0	0	0	0	0
AL	1967	3.4	1.223776	0	0	0	0	0	0	0	0
AL	1968	3.6	1.280934	0	0	0	0	0	0	0	0
AL	1969	4	1.386294	0	0	0	0	0	0	0	0
AL	1970	4.4	1.481605	0	0	0	0	0	0	0	0
AL	1971	4.8	1.568616	1	0	0	0	0	0	0	0
AL	1972	5.4	1.686399	1	0	0	0	0	0	0	0
AL	1973	5.7	1.740466	0	1	0	0	0	0	0	0
AL	1974	5.8	1.757858	0	1	0	0	0	0	0	0
AL	1975	6.2	1.824549	0	0	1	0	0	0	0	0
AL	1976	6.4	1.856298	0	0	1	0	0	0	0	0
AL	1977	6.3	1.84055	0	0	0	1	0	0	0	0
AL	1978	6.5	1.871802	0	0	0	1	0	0	0	0
AL	1979	6.9	1.931521	0	0	0	0	1	0	0	0
AL	1980	6.9	1.931521	0	0	0	0	1	0	0	0
AL	1981	6.8	1.916923	0	0	0	0	0	1	0	0
AL	1982	6.3	1.84055	0	0	0	0	0	1	0	0
AL	1983	6.4	1.856298	0	0	0	0	0	0	1	0
AL	1984	6.4	1.856298	0	0	0	0	0	0	1	0
AL	1985	6.2	1.824549	0	0	0	0	0	0	0	1
AL	1986	6.3	1.84055	0	0	0	0	0	0	0	1
AL	1987	6	1.791759	0	0	0	0	0	0	0	1
AL	1988	5.8	1.757858	0	0	0	0	0	0	0	1
AR	1956	2.8	1.029619	0	0	0	0	0	0	0	0
AR	1957	3.1	1.131402	0	0	0	0	0	0	0	0
AR	1958	2.9	1.064711	0	0	0	0	0	0	0	0
AR	1959	3.2	1.163151	0	0	0	0	0	0	0	0
AR	1960	2.930245	1.075086	0	0	0	0	0	0	0	0
AR	1961	3.2	1.163151	0	0	0	0	0	0	0	0
AR	1962	3.4	1.223776	0	0	0	0	0	0	0	0
AR	1963	3.4	1.223776	0	0	0	0	0	0	0	0
AR	1964	3.1	1.131402	0	0	0	0	0	0	0	0
AR	1965	3.4	1.223776	0	0	0	0	0	0	0	0
AR	1966	3.8	1.335001	0	0	0	0	0	0	0	0
AR	1967	4.1	1.410987	0	0	0	0	0	0	0	0
AR	1968	4.3	1.458615	0	0	0	0	0	0	0	0
AR	1969	4.6	1.526056	0	0	0	0	0	0	0	0
AR	1970	4.8	1.568616	0	0	0	0	0	0	0	0
AR	1971	6.6	1.88707	0	0	0	0	0	0	0	0
AR	1972	7.2	1.974081	0	0	0	0	0	0	0	0
AR	1973	7.4	2.00148	0	0	0	0	0	0	0	0
AR	1974	7.5	2.014903	0	0	0	0	0	0	0	0
AR	1975	6.2	1.824549	0	0	0	0	0	0	0	0
AR	1976	6.6	1.88707	0	0	0	0	0	0	0	0
AR	1977	6.7	1.902107	0	0	0	0	0	0	0	0
AR	1978	6.7	1.902107	0	0	0	0	0	0	0	0
AR	1979	6.8	1.916923	0	0	0	0	0	0	0	0
AR	1980	6.9	1.931521	0	0	0	0	0	0	0	0
AR	1981	7.2	1.974081	0	0	0	0	0	0	0	0
AR	1982	6.8	1.916923	0	0	0	0	0	0	0	0
AR	1983	6.7	1.902107	0	0	0	0	0	0	0	0
AR	1984	6.5	1.871802	0	0	0	0	0	0	0	0
AR	1985	7	1.94591	0	0	0	0	0	0	0	0
AR	1986	7.1	1.960095	0	0	0	0	0	0	0	0
AR	1987	6.7	1.902107	0	0	0	0	0	0	0	0
AR	1988	7	1.94591	0	0	0	0	0	0	0	0
AZ	1956	5.5	1.704748	0	0	0	0	0	0	0	0
AZ	1957	4.8	1.568616	0	0	0	0	0	0	0	0
AZ	1958	5	1.609438	0	0	0	0	0	0	0	0
AZ	1959	5.2	1.648659	0	0	0	0	0	0	0	0
AZ	1960	3.7	1.308333	0	0	0	0	0	0	0	0
AZ	1961	5	1.609438	0	0	0	0	0	0	0	0
AZ	1962	5.3	1.667707	0	0	0	0	0	0	0	0
AZ	1963	5.6	1.722767	0	0	0	0	0	0	0	0
AZ	1964	5.7	1.740466	0	0	0	0	0	0	0	0
AZ	1965	5.4	1.686399	0	0	0	0	0	0	0	0
AZ	1966	5.7	1.740466	0	0	0	0	0	0	0	0
AZ	1967	6.2	1.824549	0	0	0	0	0	0	0	0
AZ	1968	6.4	1.856298	0	0	0	0	0	0	0	0
AZ	1969	7	1.94591	0	0	0	0	0	0	0	0
AZ	1970	7.2	1.974081	0	0	0	0	0	0	0	0
AZ	1971	7.7	2.04122	0	0	0	0	0	0	0	0
AZ	1972	6.6	1.88707	0	0	0	0	0	0	0	0
AZ	1973	6.6	1.88707	1	0	0	0	0	0	0	0
AZ	1974	7.6	2.028148	1	0	0	0	0	0	0	0
AZ	1975	7.7	2.04122	0	1	0	0	0	0	0	0
AZ	1976	8.1	2.091864	0	1	0	0	0	0	0	0
AZ	1977	6.8	1.916923	0	0	1	0	0	0	0	0
AZ	1978	6.9	1.931521	0	0	1	0	0	0	0	0
AZ	1979	7.6	2.028148	0	0	0	1	0	0	0	0
AZ	1980	7.3	1.987874	0	0	0	1	0	0	0	0
AZ	1981	7.5	2.014903	0	0	0	0	1	0	0	0
AZ	1982	7	1.94591	0	0	0	0	1	0	0	0
AZ	1983	6.7	1.902107	0	0	0	0	0	1	0	0
AZ	1984	6.6	1.88707	0	0	0	0	0	1	0	0
AZ	1985	6.6	1.88707	0	0	0	0	0	0	1	0
AZ	1986	7	1.94591	0	0	0	0	0	0	1	0
AZ	1987	7	1.94591	0	0	0	0	0	0	0	1
AZ	1988	7.1	1.960095	0	0	0	0	0	0	0	1
CA	1956	3.1	1.131402	0	0	0	0	0	0	0	0
CA	1957	3.1	1.131402	0	0	0	0	0	0	0	0
CA	1958	2.9	1.064711	0	0	0	0	0	0	0	0
CA	1959	3.1	1.131402	0	0	0	0	0	0	0	0
CA	1960	3.1	1.131402	0	0	0	0	0	0	0	0
CA	1961	3.1	1.131402	0	0	0	0	0	0	0	0
CA	1962	3.2	1.163151	0	0	0	0	0	0	0	0
CA	1963	3.2	1.163151	0	0	0	0	0	0	0	0
CA	1964	3.3	1.193922	0	0	0	0	0	0	0	0
CA	1965	3.8	1.335001	0	0	0	0	0	0	0	0
CA	1966	3.7	1.308333	0	0	0	0	0	0	0	0
CA	1967	3.7	1.308333	0	0	0	0	0	0	0	0
CA	1968	3.9	1.360977	0	0	0	0	0	0	0	0
CA	1969	4.2	1.435084	0	0	0	0	0	0	0	0
CA	1970	5.7	1.740466	1	0	0	0	0	0	0	0
CA	1971	5.3	1.667707	1	0	0	0	0	0	0	0
CA	1972	5.4	1.686399	0	1	0	0	0	0	0	0
CA	1973	5.6	1.722767	0	1	0	0	0	0	0	0
CA	1974	5.7	1.740466	0	0	1	0	0	0	0	0
CA	1975	6	1.791759	0	0	1	0	0	0	0	0
CA	1976	6.1	1.808289	0	0	0	1	0	0	0	0
CA	1977	5.9	1.774952	0	0	0	1	0	0	0	0
CA	1978	5.8	1.757858	0	0	0	0	1	0	0	0
CA	1979	5.9	1.774952	0	0	0	0	1	0	0	0
CA	1980	5.6	1.722767	0	0	0	0	0	1	0	0
CA	1981	5.5	1.704748	0	0	0	0	0	1	0	0
CA	1982	5.4	1.686399	0	0	0	0	0	0	1	0
CA	1983	5.1	1.629241	0	0	0	0	0	0	1	0
CA	1984	5.6	1.722767	0	0	0	0	0	0	0	1
CA	1985	5.2	1.648659	0	0	0	0	0	0	0	1
CA	1986	5.1	1.629241	0	0	0	0	0	0	0	1
CA	1987	4.9	1.589235	0	0	0	0	0	0	0	1
CA	1988	4.6	1.526056	0	0	0	0	0	0	0	1
CO	1956	3.5	1.252763	0	0	0	0	0	0	0	0
CO	1957	3	1.098612	0	0	0	0	0	0	0	0
CO	1958	3.4	1.223776	0	0	0	0	0	0	0	0
CO	1959	3.5	1.252763	0	0	0	0	0	0	0	0
CO	1960	2.7	.9932518	0	0	0	0	0	0	0	0
CO	1961	3.1	1.131402	0	0	0	0	0	0	0	0
CO	1962	3.6	1.280934	0	0	0	0	0	0	0	0
CO	1963	3.5	1.252763	0	0	0	0	0	0	0	0
CO	1964	3.2	1.163151	0	0	0	0	0	0	0	0
CO	1965	3.4	1.223776	0	0	0	0	0	0	0	0
CO	1966	3.7	1.308333	0	0	0	0	0	0	0	0
CO	1967	4	1.386294	0	0	0	0	0	0	0	0
CO	1968	4.2	1.435084	0	0	0	0	0	0	0	0
CO	1969	4.3	1.458615	0	0	0	0	0	0	0	0
CO	1970	4.7	1.547562	0	0	0	0	0	0	0	0
CO	1971	5.1	1.629241	1	0	0	0	0	0	0	0
CO	1972	5.2	1.648659	1	0	0	0	0	0	0	0
CO	1973	5.8	1.757858	0	1	0	0	0	0	0	0
CO	1974	5.9	1.774952	0	1	0	0	0	0	0	0
CO	1975	6.1	1.808289	0	0	1	0	0	0	0	0
CO	1976	6.7	1.902107	0	0	1	0	0	0	0	0
CO	1977	7.6	2.028148	0	0	0	1	0	0	0	0
CO	1978	6.7	1.902107	0	0	0	1	0	0	0	0
CO	1979	5.8	1.757858	0	0	0	0	1	0	0	0
CO	1980	6.4	1.856298	0	0	0	0	1	0	0	0
CO	1981	6.6	1.88707	0	0	0	0	0	1	0	0
CO	1982	6.1	1.808289	0	0	0	0	0	1	0	0
CO	1983	6.2	1.824549	0	0	0	0	0	0	1	0
CO	1984	5.8	1.757858	0	0	0	0	0	0	1	0
CO	1985	5.9	1.774952	0	0	0	0	0	0	0	1
CO	1986	5.8	1.757858	0	0	0	0	0	0	0	1
CO	1987	5.6	1.722767	0	0	0	0	0	0	0	1
CO	1988	5.7	1.740466	0	0	0	0	0	0	0	1
CT	1956	1.2	.1823216	0	0	0	0	0	0	0	0
CT	1957	1.2	.1823216	0	0	0	0	0	0	0	0
CT	1958	1	0	0	0	0	0	0	0	0	0
CT	1959	1.1	.0953102	0	0	0	0	0	0	0	0
CT	1960	1	0	0	0	0	0	0	0	0	0
CT	1961	1.1	.0953102	0	0	0	0	0	0	0	0
CT	1962	1.1	.0953102	0	0	0	0	0	0	0	0
CT	1963	1.2	.1823216	0	0	0	0	0	0	0	0
CT	1964	1.3	.2623642	0	0	0	0	0	0	0	0
CT	1965	1.3	.2623642	0	0	0	0	0	0	0	0
CT	1966	1.5	.4054651	0	0	0	0	0	0	0	0
CT	1967	1.6	.4700036	0	0	0	0	0	0	0	0
CT	1968	1.8	.5877866	0	0	0	0	0	0	0	0
CT	1969	1.9	.6418539	0	0	0	0	0	0	0	0
CT	1970	1.9	.6418539	0	0	0	0	0	0	0	0
CT	1971	2.3	.8329091	0	0	0	0	0	0	0	0
CT	1972	2.7	.9932518	0	0	0	0	0	0	0	0
CT	1973	2.6	.9555114	1	0	0	0	0	0	0	0
CT	1974	3.5	1.252763	1	0	0	0	0	0	0	0
CT	1975	4	1.386294	0	1	0	0	0	0	0	0
CT	1976	3.8	1.335001	0	1	0	0	0	0	0	0
CT	1977	4	1.386294	0	0	1	0	0	0	0	0
CT	1978	4.1	1.410987	0	0	1	0	0	0	0	0
CT	1979	4.6	1.526056	0	0	0	1	0	0	0	0
CT	1980	4.3	1.458615	0	0	0	1	0	0	0	0
CT	1981	4.3	1.458615	0	0	0	0	1	0	0	0
CT	1982	4.1	1.410987	0	0	0	0	1	0	0	0
CT	1983	3.8	1.335001	0	0	0	0	0	1	0	0
CT	1984	3.7	1.308333	0	0	0	0	0	1	0	0
CT	1985	3.5	1.252763	0	0	0	0	0	0	1	0
CT	1986	3.6	1.280934	0	0	0	0	0	0	1	0
CT	1987	3.8	1.335001	0	0	0	0	0	0	0	1
CT	1988	3.7	1.308333	0	0	0	0	0	0	0	1
DC	1956	1.4	.3364722	0	0	0	0	0	0	0	0
DC	1957	2.5	.9162908	0	0	0	0	0	0	0	0
DC	1958	1.5	.4054651	0	0	0	0	0	0	0	0
DC	1959	1.6	.4700036	0	0	0	0	0	0	0	0
DC	1960	1.5	.4054651	0	0	0	0	0	0	0	0
DC	1961	1.5	.4054651	0	0	0	0	0	0	0	0
DC	1962	1.5	.4054651	0	0	0	0	0	0	0	0
DC	1963	1.5	.4054651	0	0	0	0	0	0	0	0
DC	1964	1.5	.4054651	0	0	0	0	0	0	0	0
DC	1965	1.7	.5306283	0	0	0	0	0	0	0	0
DC	1966	2.3	.8329091	0	0	0	0	0	0	0	0
DC	1967	2.3	.8329091	0	0	0	0	0	0	0	0
DC	1968	2.7	.9932518	0	0	0	0	0	0	0	0
DC	1969	2.9	1.064711	0	0	0	0	0	0	0	0
DC	1970	3	1.098612	0	0	0	0	0	0	0	0
DC	1971	3.5	1.252763	0	0	0	0	0	0	0	0
DC	1972	4.5	1.504077	0	0	0	0	0	0	0	0
DC	1973	4.1	1.410987	0	0	0	0	0	0	0	0
DC	1974	4.4	1.481605	0	0	0	0	0	0	0	0
DC	1975	5.3	1.667707	0	0	0	0	0	0	0	0
DC	1976	4.4	1.481605	0	0	0	0	0	0	0	0
DC	1977	4.6	1.526056	0	0	0	0	0	0	0	0
DC	1978	5.1	1.629241	0	0	0	0	0	0	0	0
DC	1979	6.8	1.916923	0	0	0	0	0	0	0	0
DC	1980	7.3	1.987874	0	0	0	0	0	0	0	0
DC	1981	6.2	1.824549	0	0	0	0	0	0	0	0
DC	1982	5.7	1.740466	0	0	0	0	0	0	0	0
DC	1983	4.9	1.589235	0	0	0	0	0	0	0	0
DC	1984	4.9	1.589235	0	0	0	0	0	0	0	0
DC	1985	4.3	1.458615	0	0	0	0	0	0	0	0
DC	1986	3.7	1.308333	0	0	0	0	0	0	0	0
DC	1987	4.1	1.410987	0	0	0	0	0	0	0	0
DC	1988	3.4	1.223776	0	0	0	0	0	0	0	0
DE	1956	1.5	.4054651	0	0	0	0	0	0	0	0
DE	1957	1.6	.4700036	0	0	0	0	0	0	0	0
DE	1958	1.3	.2623642	0	0	0	0	0	0	0	0
DE	1959	1.4	.3364722	0	0	0	0	0	0	0	0
DE	1960	1.6	.4700036	0	0	0	0	0	0	0	0
DE	1961	1.3	.2623642	0	0	0	0	0	0	0	0
DE	1962	1.2	.1823216	0	0	0	0	0	0	0	0
DE	1963	1.3	.2623642	0	0	0	0	0	0	0	0
DE	1964	1.3	.2623642	0	0	0	0	0	0	0	0
DE	1965	1.5	.4054651	0	0	0	0	0	0	0	0
DE	1966	1.6	.4700036	0	0	0	0	0	0	0	0
DE	1967	1.7	.5306283	0	0	0	0	0	0	0	0
DE	1968	1.9	.6418539	0	0	0	0	0	0	0	0
DE	1969	2.9	1.064711	0	0	0	0	0	0	0	0
DE	1970	3.2	1.163151	0	0	0	0	0	0	0	0
DE	1971	3.2	1.163151	0	0	0	0	0	0	0	0
DE	1972	3.2	1.163151	0	0	0	0	0	0	0	0
DE	1973	3.8	1.335001	0	0	0	0	0	0	0	0
DE	1974	4	1.386294	0	0	0	0	0	0	0	0
DE	1975	4.7	1.547562	0	0	0	0	0	0	0	0
DE	1976	5.5	1.704748	0	0	0	0	0	0	0	0
DE	1977	5.1	1.629241	0	0	0	0	0	0	0	0
DE	1978	5.5	1.704748	0	0	0	0	0	0	0	0
DE	1979	5.2	1.648659	0	0	0	0	0	0	0	0
DE	1980	3.9	1.360977	0	0	0	0	0	0	0	0
DE	1981	5	1.609438	0	0	0	0	0	0	0	0
DE	1982	5.4	1.686399	0	0	0	0	0	0	0	0
DE	1983	5	1.609438	0	0	0	0	0	0	0	0
DE	1984	4.7	1.547562	0	0	0	0	0	0	0	0
DE	1985	4.8	1.568616	0	0	0	0	0	0	0	0
DE	1986	4.9	1.589235	0	0	0	0	0	0	0	0
DE	1987	4.6	1.526056	0	0	0	0	0	0	0	0
DE	1988	4.6	1.526056	0	0	0	0	0	0	0	0
FL	1956	5.1	1.629241	0	0	0	0	0	0	0	0
FL	1957	4.4	1.481605	0	0	0	0	0	0	0	0
FL	1958	3.8	1.335001	0	0	0	0	0	0	0	0
FL	1959	4.1	1.410987	0	0	0	0	0	0	0	0
FL	1960	3.9	1.360977	0	0	0	0	0	0	0	0
FL	1961	4.2	1.435084	0	0	0	0	0	0	0	0
FL	1962	4.1	1.410987	0	0	0	0	0	0	0	0
FL	1963	4.1	1.410987	0	0	0	0	0	0	0	0
FL	1964	4.2	1.435084	0	0	0	0	0	0	0	0
FL	1965	4.4	1.481605	0	0	0	0	0	0	0	0
FL	1966	4.3	1.458615	0	0	0	0	0	0	0	0
FL	1967	4.7	1.547562	0	0	0	0	0	0	0	0
FL	1968	5.1	1.629241	0	0	0	0	0	0	0	0
FL	1969	5.5	1.704748	0	0	0	0	0	0	0	0
FL	1970	5.5	1.704748	0	0	0	0	0	0	0	0
FL	1971	6.1	1.808289	1	0	0	0	0	0	0	0
FL	1972	6.9	1.931521	1	0	0	0	0	0	0	0
FL	1973	7.1	1.960095	0	1	0	0	0	0	0	0
FL	1974	7.2	1.974081	0	1	0	0	0	0	0	0
FL	1975	7.4	2.00148	0	0	1	0	0	0	0	0
FL	1976	7.3	1.987874	0	0	1	0	0	0	0	0
FL	1977	7	1.94591	0	0	0	1	0	0	0	0
FL	1978	7.2	1.974081	0	0	0	1	0	0	0	0
FL	1979	7.4	2.00148	0	0	0	0	1	0	0	0
FL	1980	7.3	1.987874	0	0	0	0	1	0	0	0
FL	1981	7.4	2.00148	0	0	0	0	0	1	0	0
FL	1982	6.8	1.916923	0	0	0	0	0	1	0	0
FL	1983	6.6	1.88707	0	0	0	0	0	0	1	0
FL	1984	6.9	1.931521	0	0	0	0	0	0	1	0
FL	1985	6.8	1.916923	0	0	0	0	0	0	0	1
FL	1986	6.7	1.902107	0	0	0	0	0	0	0	1
FL	1987	6.6	1.88707	0	0	0	0	0	0	0	1
FL	1988	6.4	1.856298	0	0	0	0	0	0	0	1
GA	1956	2.1	.7419373	0	0	0	0	0	0	0	0
GA	1957	2.3	.8329091	0	0	0	0	0	0	0	0
GA	1958	2.1	.7419373	0	0	0	0	0	0	0	0
GA	1959	2.2	.7884574	0	0	0	0	0	0	0	0
GA	1960	2.3	.8329091	0	0	0	0	0	0	0	0
GA	1961	2.4	.8754688	0	0	0	0	0	0	0	0
GA	1962	2.4	.8754688	0	0	0	0	0	0	0	0
GA	1963	2.5	.9162908	0	0	0	0	0	0	0	0
GA	1964	2.6	.9555114	0	0	0	0	0	0	0	0
GA	1965	2.7	.9932518	0	0	0	0	0	0	0	0
GA	1966	2.9	1.064711	0	0	0	0	0	0	0	0
GA	1967	3.2	1.163151	0	0	0	0	0	0	0	0
GA	1968	3.4	1.223776	0	0	0	0	0	0	0	0
GA	1969	3.7	1.308333	0	0	0	0	0	0	0	0
GA	1970	4.1	1.410987	0	0	0	0	0	0	0	0
GA	1971	4.3	1.458615	0	0	0	0	0	0	0	0
GA	1972	4.6	1.526056	0	0	0	0	0	0	0	0
GA	1973	5.1	1.629241	1	0	0	0	0	0	0	0
GA	1974	5.4	1.686399	1	0	0	0	0	0	0	0
GA	1975	5.8	1.757858	0	1	0	0	0	0	0	0
GA	1976	6.1	1.808289	0	1	0	0	0	0	0	0
GA	1977	5.9	1.774952	0	0	1	0	0	0	0	0
GA	1978	6	1.791759	0	0	1	0	0	0	0	0
GA	1979	6.2	1.824549	0	0	0	1	0	0	0	0
GA	1980	6.4	1.856298	0	0	0	1	0	0	0	0
GA	1981	6.3	1.84055	0	0	0	0	1	0	0	0
GA	1982	5.9	1.774952	0	0	0	0	1	0	0	0
GA	1983	5.8	1.757858	0	0	0	0	0	1	0	0
GA	1984	5.3	1.667707	0	0	0	0	0	1	0	0
GA	1985	5.6	1.722767	0	0	0	0	0	0	1	0
GA	1986	5.6	1.722767	0	0	0	0	0	0	1	0
GA	1987	5.5	1.704748	0	0	0	0	0	0	0	1
GA	1988	5.5	1.704748	0	0	0	0	0	0	0	1
HI	1956	2.3	.8329091	0	0	0	0	0	0	0	0
HI	1957	2	.6931472	0	0	0	0	0	0	0	0
HI	1958	2	.6931472	0	0	0	0	0	0	0	0
HI	1959	2.2	.7884574	0	0	0	0	0	0	0	0
HI	1960	2	.6931472	0	0	0	0	0	0	0	0
HI	1961	2.4	.8754688	0	0	0	0	0	0	0	0
HI	1962	2.1	.7419373	0	0	0	0	0	0	0	0
HI	1963	2.2	.7884574	0	0	0	0	0	0	0	0
HI	1964	2.4	.8754688	0	0	0	0	0	0	0	0
HI	1965	1.6	.4700036	0	0	0	0	0	0	0	0
HI	1966	1.2	.1823216	0	0	0	0	0	0	0	0
HI	1967	1.9	.6418539	0	0	0	0	0	0	0	0
HI	1968	2.4	.8754688	0	0	0	0	0	0	0	0
HI	1969	2.9	1.064711	0	0	0	0	0	0	0	0
HI	1970	3.4	1.223776	0	0	0	0	0	0	0	0
HI	1971	4.6	1.526056	0	0	0	0	0	0	0	0
HI	1972	4.7	1.547562	0	0	0	0	0	0	0	0
HI	1973	4.9	1.589235	1	0	0	0	0	0	0	0
HI	1974	4.7	1.547562	1	0	0	0	0	0	0	0
HI	1975	4.8	1.568616	0	1	0	0	0	0	0	0
HI	1976	5.2	1.648659	0	1	0	0	0	0	0	0
HI	1977	5	1.609438	0	0	1	0	0	0	0	0
HI	1978	5.2	1.648659	0	0	1	0	0	0	0	0
HI	1979	5.3	1.667707	0	0	0	1	0	0	0	0
HI	1980	4.6	1.526056	0	0	0	1	0	0	0	0
HI	1981	4.3	1.458615	0	0	0	0	1	0	0	0
HI	1982	4.2	1.435084	0	0	0	0	1	0	0	0
HI	1983	4.5	1.504077	0	0	0	0	0	1	0	0
HI	1984	4.6	1.526056	0	0	0	0	0	1	0	0
HI	1985	4.6	1.526056	0	0	0	0	0	0	1	0
HI	1986	4.4	1.481605	0	0	0	0	0	0	1	0
HI	1987	4.1	1.410987	0	0	0	0	0	0	0	1
HI	1988	4.6	1.526056	0	0	0	0	0	0	0	1
IA	1956	1.8	.5877866	0	0	0	0	0	0	0	0
IA	1957	1.5	.4054651	0	0	0	0	0	0	0	0
IA	1958	1.6	.4700036	0	0	0	0	0	0	0	0
IA	1959	1.7	.5306283	0	0	0	0	0	0	0	0
IA	1960	1.7	.5306283	0	0	0	0	0	0	0	0
IA	1961	1.7	.5306283	0	0	0	0	0	0	0	0
IA	1962	1.7	.5306283	0	0	0	0	0	0	0	0
IA	1963	1.8	.5877866	0	0	0	0	0	0	0	0
IA	1964	1.8	.5877866	0	0	0	0	0	0	0	0
IA	1965	1.9	.6418539	0	0	0	0	0	0	0	0
IA	1966	2	.6931472	0	0	0	0	0	0	0	0
IA	1967	2.2	.7884574	0	0	0	0	0	0	0	0
IA	1968	2.3	.8329091	0	0	0	0	0	0	0	0
IA	1969	2.5	.9162908	0	0	0	0	0	0	0	0
IA	1970	2.5	.9162908	1	0	0	0	0	0	0	0
IA	1971	2.7	.9932518	1	0	0	0	0	0	0	0
IA	1972	3	1.098612	0	1	0	0	0	0	0	0
IA	1973	3.2	1.163151	0	1	0	0	0	0	0	0
IA	1974	3.3	1.193922	0	0	1	0	0	0	0	0
IA	1975	3.6	1.280934	0	0	1	0	0	0	0	0
IA	1976	3.7	1.308333	0	0	0	1	0	0	0	0
IA	1977	3.7	1.308333	0	0	0	1	0	0	0	0
IA	1978	3.8	1.335001	0	0	0	0	1	0	0	0
IA	1979	3.9	1.360977	0	0	0	0	1	0	0	0
IA	1980	4.1	1.410987	0	0	0	0	0	1	0	0
IA	1981	4.1	1.410987	0	0	0	0	0	1	0	0
IA	1982	3.7	1.308333	0	0	0	0	0	0	1	0
IA	1983	3.6	1.280934	0	0	0	0	0	0	1	0
IA	1984	3.6	1.280934	0	0	0	0	0	0	0	1
IA	1985	3.7	1.308333	0	0	0	0	0	0	0	1
IA	1986	3.6	1.280934	0	0	0	0	0	0	0	1
IA	1987	3.7	1.308333	0	0	0	0	0	0	0	1
IA	1988	3.8	1.335001	0	0	0	0	0	0	0	1
ID	1956	3.6	1.280934	0	0	0	0	0	0	0	0
ID	1957	3.7	1.308333	0	0	0	0	0	0	0	0
ID	1958	3.7	1.308333	0	0	0	0	0	0	0	0
ID	1959	4	1.386294	0	0	0	0	0	0	0	0
ID	1960	3.9	1.360977	0	0	0	0	0	0	0	0
ID	1961	3.9	1.360977	0	0	0	0	0	0	0	0
ID	1962	3.7	1.308333	0	0	0	0	0	0	0	0
ID	1963	4.1	1.410987	0	0	0	0	0	0	0	0
ID	1964	4.2	1.435084	0	0	0	0	0	0	0	0
ID	1965	4.1	1.410987	0	0	0	0	0	0	0	0
ID	1966	4.4	1.481605	0	0	0	0	0	0	0	0
ID	1967	4.5	1.504077	0	0	0	0	0	0	0	0
ID	1968	4.7	1.547562	0	0	0	0	0	0	0	0
ID	1969	4.9	1.589235	0	0	0	0	0	0	0	0
ID	1970	5.1	1.629241	0	0	0	0	0	0	0	0
ID	1971	5	1.609438	1	0	0	0	0	0	0	0
ID	1972	5	1.609438	1	0	0	0	0	0	0	0
ID	1973	5.6	1.722767	0	1	0	0	0	0	0	0
ID	1974	6	1.791759	0	1	0	0	0	0	0	0
ID	1975	6.3	1.84055	0	0	1	0	0	0	0	0
ID	1976	6.6	1.88707	0	0	1	0	0	0	0	0
ID	1977	6.8	1.916923	0	0	0	1	0	0	0	0
ID	1978	7	1.94591	0	0	0	1	0	0	0	0
ID	1979	6.9	1.931521	0	0	0	0	1	0	0	0
ID	1980	7	1.94591	0	0	0	0	1	0	0	0
ID	1981	7	1.94591	0	0	0	0	0	1	0	0
ID	1982	6.3	1.84055	0	0	0	0	0	1	0	0
ID	1983	6.3	1.84055	0	0	0	0	0	0	1	0
ID	1984	6.2	1.824549	0	0	0	0	0	0	1	0
ID	1985	6.2	1.824549	0	0	0	0	0	0	0	1
ID	1986	6.1	1.808289	0	0	0	0	0	0	0	1
ID	1987	5.9	1.774952	0	0	0	0	0	0	0	1
ID	1988	6	1.791759	0	0	0	0	0	0	0	1
IL	1956	3.306957	1.196028	0	0	0	0	0	0	0	0
IL	1957	2.808046	1.032489	0	0	0	0	0	0	0	0
IL	1958	2.1	.7419373	0	0	0	0	0	0	0	0
IL	1959	2.3	.8329091	0	0	0	0	0	0	0	0
IL	1960	2.2	.7884574	0	0	0	0	0	0	0	0
IL	1961	2.6	.9555114	0	0	0	0	0	0	0	0
IL	1962	1.8	.5877866	0	0	0	0	0	0	0	0
IL	1963	2	.6931472	0	0	0	0	0	0	0	0
IL	1964	2	.6931472	0	0	0	0	0	0	0	0
IL	1965	2.3	.8329091	0	0	0	0	0	0	0	0
IL	1966	2.6	.9555114	0	0	0	0	0	0	0	0
IL	1967	2.6	.9555114	0	0	0	0	0	0	0	0
IL	1968	2.9	1.064711	0	0	0	0	0	0	0	0
IL	1969	3.3	1.193922	0	0	0	0	0	0	0	0
IL	1970	3.3	1.193922	0	0	0	0	0	0	0	0
IL	1971	3.6	1.280934	0	0	0	0	0	0	0	0
IL	1972	3.8	1.335001	0	0	0	0	0	0	0	0
IL	1973	4	1.386294	0	0	0	0	0	0	0	0
IL	1974	4.3	1.458615	0	0	0	0	0	0	0	0
IL	1975	4.5	1.504077	0	0	0	0	0	0	0	0
IL	1976	4.6	1.526056	0	0	0	0	0	0	0	0
IL	1977	4.3	1.458615	0	0	0	0	0	0	0	0
IL	1978	4.4	1.481605	0	0	0	0	0	0	0	0
IL	1979	4.6	1.526056	0	0	0	0	0	0	0	0
IL	1980	4.5	1.504077	0	0	0	0	0	0	0	0
IL	1981	4.5	1.504077	0	0	0	0	0	0	0	0
IL	1982	4.3	1.458615	0	0	0	0	0	0	0	0
IL	1983	4.4	1.481605	0	0	0	0	0	0	0	0
IL	1984	4.2	1.435084	0	0	0	0	0	0	0	0
IL	1985	4.2	1.435084	0	0	0	0	0	0	0	0
IL	1986	4	1.386294	0	0	0	0	0	0	0	0
IL	1987	4.1	1.410987	0	0	0	0	0	0	0	0
IL	1988	4	1.386294	0	0	0	0	0	0	0	0
KS	1956	2.3	.8329091	0	0	0	0	0	0	0	0
KS	1957	2.3	.8329091	0	0	0	0	0	0	0	0
KS	1958	2.2	.7884574	0	0	0	0	0	0	0	0
KS	1959	2.3	.8329091	0	0	0	0	0	0	0	0
KS	1960	2.2	.7884574	0	0	0	0	0	0	0	0
KS	1961	2.3	.8329091	0	0	0	0	0	0	0	0
KS	1962	2.4	.8754688	0	0	0	0	0	0	0	0
KS	1963	2.4	.8754688	0	0	0	0	0	0	0	0
KS	1964	2.6	.9555114	0	0	0	0	0	0	0	0
KS	1965	2.6	.9555114	0	0	0	0	0	0	0	0
KS	1966	2.7	.9932518	0	0	0	0	0	0	0	0
KS	1967	3	1.098612	0	0	0	0	0	0	0	0
KS	1968	3.1	1.131402	0	0	0	0	0	0	0	0
KS	1969	3.4	1.223776	1	0	0	0	0	0	0	0
KS	1970	3.9	1.360977	1	0	0	0	0	0	0	0
KS	1971	4.2	1.435084	0	1	0	0	0	0	0	0
KS	1972	4.4	1.481605	0	1	0	0	0	0	0	0
KS	1973	4.6	1.526056	0	0	1	0	0	0	0	0
KS	1974	5.1	1.629241	0	0	1	0	0	0	0	0
KS	1975	5.5	1.704748	0	0	0	1	0	0	0	0
KS	1976	5.6	1.722767	0	0	0	1	0	0	0	0
KS	1977	5.4	1.686399	0	0	0	0	1	0	0	0
KS	1978	5.4	1.686399	0	0	0	0	1	0	0	0
KS	1979	5.4	1.686399	0	0	0	0	0	1	0	0
KS	1980	5.7	1.740466	0	0	0	0	0	1	0	0
KS	1981	5.8	1.757858	0	0	0	0	0	0	1	0
KS	1982	5.1	1.629241	0	0	0	0	0	0	1	0
KS	1983	5	1.609438	0	0	0	0	0	0	0	1
KS	1984	5.3	1.667707	0	0	0	0	0	0	0	1
KS	1985	5.2	1.648659	0	0	0	0	0	0	0	1
KS	1986	5	1.609438	0	0	0	0	0	0	0	1
KS	1987	4.9	1.589235	0	0	0	0	0	0	0	1
KS	1988	5	1.609438	0	0	0	0	0	0	0	1
KY	1956	-.0704071	-6.907755	0	0	0	0	0	0	0	0
KY	1957	1.08393	.0805929	0	0	0	0	0	0	0	0
KY	1958	1.807153	.5917525	0	0	0	0	0	0	0	0
KY	1959	2.213901	.7947562	0	0	0	0	0	0	0	0
KY	1960	2.419606	.8836049	0	0	0	0	0	0	0	0
KY	1961	2.4	.8754688	0	0	0	0	0	0	0	0
KY	1962	2.3	.8329091	0	0	0	0	0	0	0	0
KY	1963	2.3	.8329091	0	0	0	0	0	0	0	0
KY	1964	2.5	.9162908	0	0	0	0	0	0	0	0
KY	1965	2.6	.9555114	0	0	0	0	0	0	0	0
KY	1966	2.1	.7419373	0	0	0	0	0	0	0	0
KY	1967	2.4	.8754688	0	0	0	0	0	0	0	0
KY	1968	3.1	1.131402	0	0	0	0	0	0	0	0
KY	1969	3	1.098612	0	0	0	0	0	0	0	0
KY	1970	3.3	1.193922	0	0	0	0	0	0	0	0
KY	1971	3.4	1.223776	0	0	0	0	0	0	0	0
KY	1972	3.6	1.280934	1	0	0	0	0	0	0	0
KY	1973	3.9	1.360977	1	0	0	0	0	0	0	0
KY	1974	4	1.386294	0	1	0	0	0	0	0	0
KY	1975	4.2	1.435084	0	1	0	0	0	0	0	0
KY	1976	4.5	1.504077	0	0	1	0	0	0	0	0
KY	1977	4.3	1.458615	0	0	1	0	0	0	0	0
KY	1978	3.8	1.335001	0	0	0	1	0	0	0	0
KY	1979	4.4	1.481605	0	0	0	1	0	0	0	0
KY	1980	4.6	1.526056	0	0	0	0	1	0	0	0
KY	1981	4.5	1.504077	0	0	0	0	1	0	0	0
KY	1982	4.4	1.481605	0	0	0	0	0	1	0	0
KY	1983	4.6	1.526056	0	0	0	0	0	1	0	0
KY	1984	4.6	1.526056	0	0	0	0	0	0	1	0
KY	1985	4.9	1.589235	0	0	0	0	0	0	1	0
KY	1986	5.1	1.629241	0	0	0	0	0	0	0	1
KY	1987	5.3	1.667707	0	0	0	0	0	0	0	1
KY	1988	5.4	1.686399	0	0	0	0	0	0	0	1
MA	1956	1.214542	.1943674	0	0	0	0	0	0	0	0
MA	1957	1.1	.0953102	0	0	0	0	0	0	0	0
MA	1958	1.1	.0953102	0	0	0	0	0	0	0	0
MA	1959	1.1	.0953102	0	0	0	0	0	0	0	0
MA	1960	1.1	.0953102	0	0	0	0	0	0	0	0
MA	1961	1.1	.0953102	0	0	0	0	0	0	0	0
MA	1962	1.2	.1823216	0	0	0	0	0	0	0	0
MA	1963	1.1	.0953102	0	0	0	0	0	0	0	0
MA	1964	1.3	.2623642	0	0	0	0	0	0	0	0
MA	1965	1.5	.4054651	0	0	0	0	0	0	0	0
MA	1966	1.9	.6418539	0	0	0	0	0	0	0	0
MA	1967	1.3	.2623642	0	0	0	0	0	0	0	0
MA	1968	1.8	.5877866	0	0	0	0	0	0	0	0
MA	1969	2	.6931472	0	0	0	0	0	0	0	0
MA	1970	1.9	.6418539	0	0	0	0	0	0	0	0
MA	1971	2.2	.7884574	0	0	0	0	0	0	0	0
MA	1972	2.5	.9162908	0	0	0	0	0	0	0	0
MA	1973	2.5	.9162908	0	0	0	0	0	0	0	0
MA	1974	2.8	1.029619	0	0	0	0	0	0	0	0
MA	1975	2.9	1.064711	1	0	0	0	0	0	0	0
MA	1976	3	1.098612	1	0	0	0	0	0	0	0
MA	1977	2.9	1.064711	0	1	0	0	0	0	0	0
MA	1978	2.8	1.029619	0	1	0	0	0	0	0	0
MA	1979	3	1.098612	0	0	1	0	0	0	0	0
MA	1980	3.1	1.131402	0	0	1	0	0	0	0	0
MA	1981	3.4	1.223776	0	0	0	1	0	0	0	0
MA	1982	3.4	1.223776	0	0	0	1	0	0	0	0
MA	1983	3.2	1.163151	0	0	0	0	1	0	0	0
MA	1984	3	1.098612	0	0	0	0	1	0	0	0
MA	1985	3.7	1.308333	0	0	0	0	0	1	0	0
MA	1986	3.4	1.223776	0	0	0	0	0	1	0	0
MA	1987	2.9	1.064711	0	0	0	0	0	0	1	0
MA	1988	3	1.098612	0	0	0	0	0	0	1	0
MD	1956	1.9	.6418539	0	0	0	0	0	0	0	0
MD	1957	2	.6931472	0	0	0	0	0	0	0	0
MD	1958	1.7	.5306283	0	0	0	0	0	0	0	0
MD	1959	1.7	.5306283	0	0	0	0	0	0	0	0
MD	1960	1.7	.5306283	0	0	0	0	0	0	0	0
MD	1961	1.7	.5306283	0	0	0	0	0	0	0	0
MD	1962	1.9	.6418539	0	0	0	0	0	0	0	0
MD	1963	1.9	.6418539	0	0	0	0	0	0	0	0
MD	1964	1.9	.6418539	0	0	0	0	0	0	0	0
MD	1965	2	.6931472	0	0	0	0	0	0	0	0
MD	1966	2	.6931472	0	0	0	0	0	0	0	0
MD	1967	2	.6931472	0	0	0	0	0	0	0	0
MD	1968	2.2	.7884574	0	0	0	0	0	0	0	0
MD	1969	2.3	.8329091	0	0	0	0	0	0	0	0
MD	1970	2.4	.8754688	0	0	0	0	0	0	0	0
MD	1971	2.5	.9162908	0	0	0	0	0	0	0	0
MD	1972	2.8	1.029619	0	0	0	0	0	0	0	0
MD	1973	3.4	1.223776	0	0	0	0	0	0	0	0
MD	1974	3.6	1.280934	0	0	0	0	0	0	0	0
MD	1975	3.7	1.308333	0	0	0	0	0	0	0	0
MD	1976	3.9	1.360977	0	0	0	0	0	0	0	0
MD	1977	4	1.386294	0	0	0	0	0	0	0	0
MD	1978	3.9	1.360977	0	0	0	0	0	0	0	0
MD	1979	4	1.386294	0	0	0	0	0	0	0	0
MD	1980	4.1	1.410987	0	0	0	0	0	0	0	0
MD	1981	4	1.386294	0	0	0	0	0	0	0	0
MD	1982	3.8	1.335001	0	0	0	0	0	0	0	0
MD	1983	3.8	1.335001	0	0	0	0	0	0	0	0
MD	1984	3.7	1.308333	0	0	0	0	0	0	0	0
MD	1985	3.7	1.308333	0	0	0	0	0	0	0	0
MD	1986	3.5	1.252763	0	0	0	0	0	0	0	0
MD	1987	3.4	1.223776	0	0	0	0	0	0	0	0
MD	1988	3.6	1.280934	0	0	0	0	0	0	0	0
ME	1956	2.1	.7419373	0	0	0	0	0	0	0	0
ME	1957	2	.6931472	0	0	0	0	0	0	0	0
ME	1958	2	.6931472	0	0	0	0	0	0	0	0
ME	1959	2.1	.7419373	0	0	0	0	0	0	0	0
ME	1960	2.2	.7884574	0	0	0	0	0	0	0	0
ME	1961	2	.6931472	0	0	0	0	0	0	0	0
ME	1962	2.1	.7419373	0	0	0	0	0	0	0	0
ME	1963	2.2	.7884574	0	0	0	0	0	0	0	0
ME	1964	2.4	.8754688	0	0	0	0	0	0	0	0
ME	1965	2.6	.9555114	0	0	0	0	0	0	0	0
ME	1966	2.7	.9932518	0	0	0	0	0	0	0	0
ME	1967	3.1	1.131402	0	0	0	0	0	0	0	0
ME	1968	3.2	1.163151	0	0	0	0	0	0	0	0
ME	1969	3.5	1.252763	0	0	0	0	0	0	0	0
ME	1970	3.9	1.360977	0	0	0	0	0	0	0	0
ME	1971	3.9	1.360977	0	0	0	0	0	0	0	0
ME	1972	4	1.386294	0	0	0	0	0	0	0	0
ME	1973	4.3	1.458615	1	0	0	0	0	0	0	0
ME	1974	4.6	1.526056	1	0	0	0	0	0	0	0
ME	1975	5.2	1.648659	0	1	0	0	0	0	0	0
ME	1976	5.1	1.629241	0	1	0	0	0	0	0	0
ME	1977	5.1	1.629241	0	0	1	0	0	0	0	0
ME	1978	5.6	1.722767	0	0	1	0	0	0	0	0
ME	1979	5.5	1.704748	0	0	0	1	0	0	0	0
ME	1980	5.5	1.704748	0	0	0	1	0	0	0	0
ME	1981	5.6	1.722767	0	0	0	0	1	0	0	0
ME	1982	5.1	1.629241	0	0	0	0	1	0	0	0
ME	1983	5.2	1.648659	0	0	0	0	0	1	0	0
ME	1984	5	1.609438	0	0	0	0	0	1	0	0
ME	1985	5.2	1.648659	0	0	0	0	0	0	1	0
ME	1986	4.8	1.568616	0	0	0	0	0	0	1	0
ME	1987	5	1.609438	0	0	0	0	0	0	0	1
ME	1988	5	1.609438	0	0	0	0	0	0	0	1
MI	1956	2.2	.7884574	0	0	0	0	0	0	0	0
MI	1957	2	.6931472	0	0	0	0	0	0	0	0
MI	1958	1.8	.5877866	0	0	0	0	0	0	0	0
MI	1959	2.1	.7419373	0	0	0	0	0	0	0	0
MI	1960	2.1	.7419373	0	0	0	0	0	0	0	0
MI	1961	2.1	.7419373	0	0	0	0	0	0	0	0
MI	1962	2.2	.7884574	0	0	0	0	0	0	0	0
MI	1963	2.2	.7884574	0	0	0	0	0	0	0	0
MI	1964	2.4	.8754688	0	0	0	0	0	0	0	0
MI	1965	2.4	.8754688	0	0	0	0	0	0	0	0
MI	1966	2.6	.9555114	0	0	0	0	0	0	0	0
MI	1967	2.7	.9932518	0	0	0	0	0	0	0	0
MI	1968	2.9	1.064711	0	0	0	0	0	0	0	0
MI	1969	3.2	1.163151	0	0	0	0	0	0	0	0
MI	1970	3.4	1.223776	0	0	0	0	0	0	0	0
MI	1971	3.5	1.252763	0	0	0	0	0	0	0	0
MI	1972	4	1.386294	1	0	0	0	0	0	0	0
MI	1973	4.3	1.458615	1	0	0	0	0	0	0	0
MI	1974	4.6	1.526056	0	1	0	0	0	0	0	0
MI	1975	4.5	1.504077	0	1	0	0	0	0	0	0
MI	1976	4.7	1.547562	0	0	1	0	0	0	0	0
MI	1977	4.7	1.547562	0	0	1	0	0	0	0	0
MI	1978	4.9	1.589235	0	0	0	1	0	0	0	0
MI	1979	4.8	1.568616	0	0	0	1	0	0	0	0
MI	1980	4.9	1.589235	0	0	0	0	1	0	0	0
MI	1981	4.7	1.547562	0	0	0	0	1	0	0	0
MI	1982	4.4	1.481605	0	0	0	0	0	1	0	0
MI	1983	4.2	1.435084	0	0	0	0	0	1	0	0
MI	1984	4.1	1.410987	0	0	0	0	0	0	1	0
MI	1985	4.3	1.458615	0	0	0	0	0	0	1	0
MI	1986	4.3	1.458615	0	0	0	0	0	0	0	1
MI	1987	4.3	1.458615	0	0	0	0	0	0	0	1
MI	1988	4.3	1.458615	0	0	0	0	0	0	0	1
MN	1956	1.2	.1823216	0	0	0	0	0	0	0	0
MN	1957	1.1	.0953102	0	0	0	0	0	0	0	0
MN	1958	1.2	.1823216	0	0	0	0	0	0	0	0
MN	1959	1.1	.0953102	0	0	0	0	0	0	0	0
MN	1960	1.2	.1823216	0	0	0	0	0	0	0	0
MN	1961	1.2	.1823216	0	0	0	0	0	0	0	0
MN	1962	1.3	.2623642	0	0	0	0	0	0	0	0
MN	1963	1.3	.2623642	0	0	0	0	0	0	0	0
MN	1964	1.5	.4054651	0	0	0	0	0	0	0	0
MN	1965	1.4	.3364722	0	0	0	0	0	0	0	0
MN	1966	1.5	.4054651	0	0	0	0	0	0	0	0
MN	1967	1.7	.5306283	0	0	0	0	0	0	0	0
MN	1968	1.8	.5877866	0	0	0	0	0	0	0	0
MN	1969	2	.6931472	0	0	0	0	0	0	0	0
MN	1970	2.2	.7884574	0	0	0	0	0	0	0	0
MN	1971	2.5	.9162908	0	0	0	0	0	0	0	0
MN	1972	2.7	.9932518	0	0	0	0	0	0	0	0
MN	1973	2.9	1.064711	0	0	0	0	0	0	0	0
MN	1974	3.1	1.131402	1	0	0	0	0	0	0	0
MN	1975	3.4	1.223776	1	0	0	0	0	0	0	0
MN	1976	3.5	1.252763	0	1	0	0	0	0	0	0
MN	1977	3.5	1.252763	0	1	0	0	0	0	0	0
MN	1978	3.6	1.280934	0	0	1	0	0	0	0	0
MN	1979	3.7	1.308333	0	0	1	0	0	0	0	0
MN	1980	3.8	1.335001	0	0	0	1	0	0	0	0
MN	1981	4	1.386294	0	0	0	1	0	0	0	0
MN	1982	3.7	1.308333	0	0	0	0	1	0	0	0
MN	1983	3.6	1.280934	0	0	0	0	1	0	0	0
MN	1984	3.5	1.252763	0	0	0	0	0	1	0	0
MN	1985	3.5	1.252763	0	0	0	0	0	1	0	0
MN	1986	3.4	1.223776	0	0	0	0	0	0	1	0
MN	1987	3.5	1.252763	0	0	0	0	0	0	1	0
MN	1988	3.5	1.252763	0	0	0	0	0	0	0	1
MO	1956	2.6	.9555114	0	0	0	0	0	0	0	0
MO	1957	2.6	.9555114	0	0	0	0	0	0	0	0
MO	1958	2.6	.9555114	0	0	0	0	0	0	0	0
MO	1959	2.8	1.029619	0	0	0	0	0	0	0	0
MO	1960	2.7	.9932518	0	0	0	0	0	0	0	0
MO	1961	2.7	.9932518	0	0	0	0	0	0	0	0
MO	1962	2.8	1.029619	0	0	0	0	0	0	0	0
MO	1963	2.9	1.064711	0	0	0	0	0	0	0	0
MO	1964	2.9	1.064711	0	0	0	0	0	0	0	0
MO	1965	2.9	1.064711	0	0	0	0	0	0	0	0
MO	1966	3.1	1.131402	0	0	0	0	0	0	0	0
MO	1967	3.2	1.163151	0	0	0	0	0	0	0	0
MO	1968	3.6	1.280934	0	0	0	0	0	0	0	0
MO	1969	3.8	1.335001	0	0	0	0	0	0	0	0
MO	1970	3.8	1.335001	0	0	0	0	0	0	0	0
MO	1971	4.2	1.435084	0	0	0	0	0	0	0	0
MO	1972	4.4	1.481605	0	0	0	0	0	0	0	0
MO	1973	4.6	1.526056	0	0	0	0	0	0	0	0
MO	1974	4.6	1.526056	0	0	0	0	0	0	0	0
MO	1975	5.1	1.629241	0	0	0	0	0	0	0	0
MO	1976	5.3	1.667707	0	0	0	0	0	0	0	0
MO	1977	5.2	1.648659	0	0	0	0	0	0	0	0
MO	1978	5.4	1.686399	0	0	0	0	0	0	0	0
MO	1979	5.7	1.740466	0	0	0	0	0	0	0	0
MO	1980	5.6	1.722767	0	0	0	0	0	0	0	0
MO	1981	5.7	1.740466	0	0	0	0	0	0	0	0
MO	1982	5.3	1.667707	0	0	0	0	0	0	0	0
MO	1983	5.2	1.648659	0	0	0	0	0	0	0	0
MO	1984	5	1.609438	0	0	0	0	0	0	0	0
MO	1985	5	1.609438	0	0	0	0	0	0	0	0
MO	1986	5	1.609438	0	0	0	0	0	0	0	0
MO	1987	4.9	1.589235	0	0	0	0	0	0	0	0
MO	1988	4.9	1.589235	0	0	0	0	0	0	0	0
MS	1956	2.4	.8754688	0	0	0	0	0	0	0	0
MS	1957	2.3	.8329091	0	0	0	0	0	0	0	0
MS	1958	2.4	.8754688	0	0	0	0	0	0	0	0
MS	1959	2.4	.8754688	0	0	0	0	0	0	0	0
MS	1960	2.4	.8754688	0	0	0	0	0	0	0	0
MS	1961	2.4	.8754688	0	0	0	0	0	0	0	0
MS	1962	2.4	.8754688	0	0	0	0	0	0	0	0
MS	1963	2.4	.8754688	0	0	0	0	0	0	0	0
MS	1964	2.5	.9162908	0	0	0	0	0	0	0	0
MS	1965	2.5	.9162908	0	0	0	0	0	0	0	0
MS	1966	2.7	.9932518	0	0	0	0	0	0	0	0
MS	1967	2.8	1.029619	0	0	0	0	0	0	0	0
MS	1968	3	1.098612	0	0	0	0	0	0	0	0
MS	1969	3.2	1.163151	0	0	0	0	0	0	0	0
MS	1970	3.7	1.308333	0	0	0	0	0	0	0	0
MS	1971	3.9	1.360977	0	0	0	0	0	0	0	0
MS	1972	4.4	1.481605	0	0	0	0	0	0	0	0
MS	1973	4.6	1.526056	0	0	0	0	0	0	0	0
MS	1974	5	1.609438	0	0	0	0	0	0	0	0
MS	1975	5.1	1.629241	0	0	0	0	0	0	0	0
MS	1976	5	1.609438	0	0	0	0	0	0	0	0
MS	1977	5.2	1.648659	0	0	0	0	0	0	0	0
MS	1978	5.4	1.686399	0	0	0	0	0	0	0	0
MS	1979	5.4	1.686399	0	0	0	0	0	0	0	0
MS	1980	5.5	1.704748	0	0	0	0	0	0	0	0
MS	1981	5.6	1.722767	0	0	0	0	0	0	0	0
MS	1982	5	1.609438	0	0	0	0	0	0	0	0
MS	1983	5.2	1.648659	0	0	0	0	0	0	0	0
MS	1984	5	1.609438	0	0	0	0	0	0	0	0
MS	1985	5	1.609438	0	0	0	0	0	0	0	0
MS	1986	4.9	1.589235	0	0	0	0	0	0	0	0
MS	1987	4.6	1.526056	0	0	0	0	0	0	0	0
MS	1988	4.6	1.526056	0	0	0	0	0	0	0	0
MT	1956	3.1	1.131402	0	0	0	0	0	0	0	0
MT	1957	3	1.098612	0	0	0	0	0	0	0	0
MT	1958	3	1.098612	0	0	0	0	0	0	0	0
MT	1959	3.1	1.131402	0	0	0	0	0	0	0	0
MT	1960	3	1.098612	0	0	0	0	0	0	0	0
MT	1961	2.9	1.064711	0	0	0	0	0	0	0	0
MT	1962	2.8	1.029619	0	0	0	0	0	0	0	0
MT	1963	2.7	.9932518	0	0	0	0	0	0	0	0
MT	1964	2.8	1.029619	0	0	0	0	0	0	0	0
MT	1965	2.8	1.029619	0	0	0	0	0	0	0	0
MT	1966	3	1.098612	0	0	0	0	0	0	0	0
MT	1967	3.4	1.223776	0	0	0	0	0	0	0	0
MT	1968	3.7	1.308333	0	0	0	0	0	0	0	0
MT	1969	4	1.386294	0	0	0	0	0	0	0	0
MT	1970	4.4	1.481605	0	0	0	0	0	0	0	0
MT	1971	4.7	1.547562	0	0	0	0	0	0	0	0
MT	1972	5	1.609438	0	0	0	0	0	0	0	0
MT	1973	5.2	1.648659	0	0	0	0	0	0	0	0
MT	1974	5.3	1.667707	0	0	0	0	0	0	0	0
MT	1975	5.7	1.740466	1	0	0	0	0	0	0	0
MT	1976	6.4	1.856298	1	0	0	0	0	0	0	0
MT	1977	6.1	1.808289	0	1	0	0	0	0	0	0
MT	1978	6.2	1.824549	0	1	0	0	0	0	0	0
MT	1979	6.5	1.871802	0	0	1	0	0	0	0	0
MT	1980	6.3	1.84055	0	0	1	0	0	0	0	0
MT	1981	6.3	1.84055	0	0	0	1	0	0	0	0
MT	1982	5.7	1.740466	0	0	0	1	0	0	0	0
MT	1983	5.6	1.722767	0	0	0	0	1	0	0	0
MT	1984	5.3	1.667707	0	0	0	0	1	0	0	0
MT	1985	5.2	1.648659	0	0	0	0	0	1	0	0
MT	1986	5.3	1.667707	0	0	0	0	0	1	0	0
MT	1987	5.1	1.629241	0	0	0	0	0	0	1	0
MT	1988	5.1	1.629241	0	0	0	0	0	0	1	0
NC	1956	1.43509	.3612275	0	0	0	0	0	0	0	0
NC	1957	1.340786	.2932561	0	0	0	0	0	0	0	0
NC	1958	1.2	.1823216	0	0	0	0	0	0	0	0
NC	1959	1.4	.3364722	0	0	0	0	0	0	0	0
NC	1960	1.3	.2623642	0	0	0	0	0	0	0	0
NC	1961	1.4	.3364722	0	0	0	0	0	0	0	0
NC	1962	1.4	.3364722	0	0	0	0	0	0	0	0
NC	1963	1.5	.4054651	0	0	0	0	0	0	0	0
NC	1964	1.5	.4054651	0	0	0	0	0	0	0	0
NC	1965	2.3	.8329091	0	0	0	0	0	0	0	0
NC	1966	2.3	.8329091	0	0	0	0	0	0	0	0
NC	1967	2.4	.8754688	0	0	0	0	0	0	0	0
NC	1968	2.4	.8754688	0	0	0	0	0	0	0	0
NC	1969	2.5	.9162908	0	0	0	0	0	0	0	0
NC	1970	2.7	.9932518	0	0	0	0	0	0	0	0
NC	1971	3	1.098612	0	0	0	0	0	0	0	0
NC	1972	3.3	1.193922	0	0	0	0	0	0	0	0
NC	1973	3.4	1.223776	0	0	0	0	0	0	0	0
NC	1974	3.7	1.308333	0	0	0	0	0	0	0	0
NC	1975	4	1.386294	0	0	0	0	0	0	0	0
NC	1976	4.3	1.458615	0	0	0	0	0	0	0	0
NC	1977	4.4	1.481605	0	0	0	0	0	0	0	0
NC	1978	4.6	1.526056	0	0	0	0	0	0	0	0
NC	1979	4.7	1.547562	0	0	0	0	0	0	0	0
NC	1980	4.8	1.568616	0	0	0	0	0	0	0	0
NC	1981	5	1.609438	0	0	0	0	0	0	0	0
NC	1982	4.9	1.589235	0	0	0	0	0	0	0	0
NC	1983	5	1.609438	0	0	0	0	0	0	0	0
NC	1984	4.8	1.568616	0	0	0	0	0	0	0	0
NC	1985	4.8	1.568616	0	0	0	0	0	0	0	0
NC	1986	5	1.609438	0	0	0	0	0	0	0	0
NC	1987	4.9	1.589235	0	0	0	0	0	0	0	0
NC	1988	5	1.609438	0	0	0	0	0	0	0	0
ND	1956	.8	-.2231435	0	0	0	0	0	0	0	0
ND	1957	.9	-.1053605	0	0	0	0	0	0	0	0
ND	1958	.8	-.2231435	0	0	0	0	0	0	0	0
ND	1959	1	0	0	0	0	0	0	0	0	0
ND	1960	.9	-.1053605	0	0	0	0	0	0	0	0
ND	1961	1	0	0	0	0	0	0	0	0	0
ND	1962	1	0	0	0	0	0	0	0	0	0
ND	1963	1.1	.0953102	0	0	0	0	0	0	0	0
ND	1964	1.2	.1823216	0	0	0	0	0	0	0	0
ND	1965	1.1	.0953102	0	0	0	0	0	0	0	0
ND	1966	1.2	.1823216	0	0	0	0	0	0	0	0
ND	1967	1.4	.3364722	0	0	0	0	0	0	0	0
ND	1968	1.4	.3364722	0	0	0	0	0	0	0	0
ND	1969	1.5	.4054651	0	0	0	0	0	0	0	0
ND	1970	1.6	.4700036	0	0	0	0	0	0	0	0
ND	1971	1.9	.6418539	1	0	0	0	0	0	0	0
ND	1972	2.1	.7419373	1	0	0	0	0	0	0	0
ND	1973	2.3	.8329091	0	1	0	0	0	0	0	0
ND	1974	2.5	.9162908	0	1	0	0	0	0	0	0
ND	1975	2.7	.9932518	0	0	1	0	0	0	0	0
ND	1976	2.9	1.064711	0	0	1	0	0	0	0	0
ND	1977	3	1.098612	0	0	0	1	0	0	0	0
ND	1978	3.2	1.163151	0	0	0	1	0	0	0	0
ND	1979	3.2	1.163151	0	0	0	0	1	0	0	0
ND	1980	3.3	1.193922	0	0	0	0	1	0	0	0
ND	1981	3.5	1.252763	0	0	0	0	0	1	0	0
ND	1982	3.3	1.193922	0	0	0	0	0	1	0	0
ND	1983	3.4	1.223776	0	0	0	0	0	0	1	0
ND	1984	3.3	1.193922	0	0	0	0	0	0	1	0
ND	1985	3.4	1.223776	0	0	0	0	0	0	0	1
ND	1986	3.3	1.193922	0	0	0	0	0	0	0	1
ND	1987	3.4	1.223776	0	0	0	0	0	0	0	1
ND	1988	3.5	1.252763	0	0	0	0	0	0	0	1
NE	1956	1.6	.4700036	0	0	0	0	0	0	0	0
NE	1957	1.6	.4700036	0	0	0	0	0	0	0	0
NE	1958	1.5	.4054651	0	0	0	0	0	0	0	0
NE	1959	1.6	.4700036	0	0	0	0	0	0	0	0
NE	1960	1.5	.4054651	0	0	0	0	0	0	0	0
NE	1961	1.6	.4700036	0	0	0	0	0	0	0	0
NE	1962	1.6	.4700036	0	0	0	0	0	0	0	0
NE	1963	1.7	.5306283	0	0	0	0	0	0	0	0
NE	1964	1.7	.5306283	0	0	0	0	0	0	0	0
NE	1965	1.7	.5306283	0	0	0	0	0	0	0	0
NE	1966	1.8	.5877866	0	0	0	0	0	0	0	0
NE	1967	2	.6931472	0	0	0	0	0	0	0	0
NE	1968	2.1	.7419373	0	0	0	0	0	0	0	0
NE	1969	2.3	.8329091	0	0	0	0	0	0	0	0
NE	1970	2.5	.9162908	0	0	0	0	0	0	0	0
NE	1971	2.7	.9932518	0	0	0	0	0	0	0	0
NE	1972	2.9	1.064711	1	0	0	0	0	0	0	0
NE	1973	3.2	1.163151	1	0	0	0	0	0	0	0
NE	1974	3.4	1.223776	0	1	0	0	0	0	0	0
NE	1975	3.6	1.280934	0	1	0	0	0	0	0	0
NE	1976	3.8	1.335001	0	0	1	0	0	0	0	0
NE	1977	3.9	1.360977	0	0	1	0	0	0	0	0
NE	1978	3.9	1.360977	0	0	0	1	0	0	0	0
NE	1979	4	1.386294	0	0	0	1	0	0	0	0
NE	1980	4.1	1.410987	0	0	0	0	1	0	0	0
NE	1981	4.3	1.458615	0	0	0	0	1	0	0	0
NE	1982	4	1.386294	0	0	0	0	0	1	0	0
NE	1983	3.9	1.360977	0	0	0	0	0	1	0	0
NE	1984	4	1.386294	0	0	0	0	0	0	1	0
NE	1985	4	1.386294	0	0	0	0	0	0	1	0
NE	1986	3.9	1.360977	0	0	0	0	0	0	0	1
NE	1987	3.9	1.360977	0	0	0	0	0	0	0	1
NE	1988	3.9	1.360977	0	0	0	0	0	0	0	1
NH	1956	1.9	.6418539	0	0	0	0	0	0	0	0
NH	1957	1.8	.5877866	0	0	0	0	0	0	0	0
NH	1958	1.7	.5306283	0	0	0	0	0	0	0	0
NH	1959	1.8	.5877866	0	0	0	0	0	0	0	0
NH	1960	1.8	.5877866	0	0	0	0	0	0	0	0
NH	1961	1.8	.5877866	0	0	0	0	0	0	0	0
NH	1962	2.2	.7884574	0	0	0	0	0	0	0	0
NH	1963	2.1	.7419373	0	0	0	0	0	0	0	0
NH	1964	2.2	.7884574	0	0	0	0	0	0	0	0
NH	1965	2.3	.8329091	0	0	0	0	0	0	0	0
NH	1966	2.5	.9162908	0	0	0	0	0	0	0	0
NH	1967	2.5	.9162908	0	0	0	0	0	0	0	0
NH	1968	3	1.098612	0	0	0	0	0	0	0	0
NH	1969	3.2	1.163151	0	0	0	0	0	0	0	0
NH	1970	3.3	1.193922	0	0	0	0	0	0	0	0
NH	1971	3.9	1.360977	1	0	0	0	0	0	0	0
NH	1972	4.1	1.410987	1	0	0	0	0	0	0	0
NH	1973	4.8	1.568616	0	1	0	0	0	0	0	0
NH	1974	5	1.609438	0	1	0	0	0	0	0	0
NH	1975	5.1	1.629241	0	0	1	0	0	0	0	0
NH	1976	5.1	1.629241	0	0	1	0	0	0	0	0
NH	1977	5.1	1.629241	0	0	0	1	0	0	0	0
NH	1978	5.3	1.667707	0	0	0	1	0	0	0	0
NH	1979	5.8	1.757858	0	0	0	0	1	0	0	0
NH	1980	5.7	1.740466	0	0	0	0	1	0	0	0
NH	1981	5.6	1.722767	0	0	0	0	0	1	0	0
NH	1982	5.3	1.667707	0	0	0	0	0	1	0	0
NH	1983	5	1.609438	0	0	0	0	0	0	1	0
NH	1984	5.1	1.629241	0	0	0	0	0	0	1	0
NH	1985	4.9	1.589235	0	0	0	0	0	0	0	1
NH	1986	4.8	1.568616	0	0	0	0	0	0	0	1
NH	1987	4.7	1.547562	0	0	0	0	0	0	0	1
NH	1988	4.5	1.504077	0	0	0	0	0	0	0	1
NJ	1956	.9	-.1053605	0	0	0	0	0	0	0	0
NJ	1957	.8	-.2231435	0	0	0	0	0	0	0	0
NJ	1958	.7	-.356675	0	0	0	0	0	0	0	0
NJ	1959	.7	-.356675	0	0	0	0	0	0	0	0
NJ	1960	.8	-.2231435	0	0	0	0	0	0	0	0
NJ	1961	.8	-.2231435	0	0	0	0	0	0	0	0
NJ	1962	.8	-.2231435	0	0	0	0	0	0	0	0
NJ	1963	.8	-.2231435	0	0	0	0	0	0	0	0
NJ	1964	.8	-.2231435	0	0	0	0	0	0	0	0
NJ	1965	.8	-.2231435	0	0	0	0	0	0	0	0
NJ	1966	1	0	0	0	0	0	0	0	0	0
NJ	1967	1	0	0	0	0	0	0	0	0	0
NJ	1968	1.1	.0953102	0	0	0	0	0	0	0	0
NJ	1969	1.5	.4054651	0	0	0	0	0	0	0	0
NJ	1970	1.5	.4054651	0	0	0	0	0	0	0	0
NJ	1971	1.8	.5877866	0	0	0	0	0	0	0	0
NJ	1972	2.4	.8754688	0	0	0	0	0	0	0	0
NJ	1973	3	1.098612	0	0	0	0	0	0	0	0
NJ	1974	2.7	.9932518	0	0	0	0	0	0	0	0
NJ	1975	2.6	.9555114	0	0	0	0	0	0	0	0
NJ	1976	3	1.098612	0	0	0	0	0	0	0	0
NJ	1977	2.8	1.029619	0	0	0	0	0	0	0	0
NJ	1978	3.6	1.280934	0	0	0	0	0	0	0	0
NJ	1979	3.2	1.163151	0	0	0	0	0	0	0	0
NJ	1980	3.8	1.335001	0	0	0	0	0	0	0	0
NJ	1981	3.7	1.308333	0	0	0	0	0	0	0	0
NJ	1982	3.7	1.308333	0	0	0	0	0	0	0	0
NJ	1983	3.6	1.280934	0	0	0	0	0	0	0	0
NJ	1984	3.8	1.335001	0	0	0	0	0	0	0	0
NJ	1985	3.9	1.360977	0	0	0	0	0	0	0	0
NJ	1986	3.6	1.280934	0	0	0	0	0	0	0	0
NJ	1987	3.5	1.252763	0	0	0	0	0	0	0	0
NJ	1988	3.5	1.252763	0	0	0	0	0	0	0	0
NV	1956	36.6	3.600048	0	0	0	0	0	0	0	0
NV	1957	36	3.583519	0	0	0	0	0	0	0	0
NV	1958	35	3.555348	0	0	0	0	0	0	0	0
NV	1959	34.1	3.529297	0	0	0	0	0	0	0	0
NV	1960	29.6	3.387774	0	0	0	0	0	0	0	0
NV	1961	26.4	3.273364	0	0	0	0	0	0	0	0
NV	1962	27.1	3.299534	0	0	0	0	0	0	0	0
NV	1963	24.8	3.210844	0	0	0	0	0	0	0	0
NV	1964	28.3	3.342862	0	0	0	0	0	0	0	0
NV	1965	23	3.135494	0	0	0	0	0	0	0	0
NV	1966	21.4	3.063391	0	0	0	0	0	0	0	0
NV	1967	22.3	3.104587	0	0	0	0	0	0	0	0
NV	1968	22.5	3.113515	0	0	0	0	0	0	0	0
NV	1969	24	3.178054	0	0	0	0	0	0	0	0
NV	1970	18.7	2.928524	0	0	0	0	0	0	0	0
NV	1971	18.2	2.901422	0	0	0	0	0	0	0	0
NV	1972	21.3	3.058707	0	0	0	0	0	0	0	0
NV	1973	17.5	2.862201	1	0	0	0	0	0	0	0
NV	1974	20.2	3.005683	1	0	0	0	0	0	0	0
NV	1975	17	2.833213	0	1	0	0	0	0	0	0
NV	1976	15.9	2.766319	0	1	0	0	0	0	0	0
NV	1977	15.2	2.721295	0	0	1	0	0	0	0	0
NV	1978	15.6	2.747271	0	0	1	0	0	0	0	0
NV	1979	15.4	2.734367	0	0	0	1	0	0	0	0
NV	1980	17.3	2.850706	0	0	0	1	0	0	0	0
NV	1981	17.6	2.867899	0	0	0	0	1	0	0	0
NV	1982	14.9	2.701361	0	0	0	0	1	0	0	0
NV	1983	15	2.70805	0	0	0	0	0	1	0	0
NV	1984	15.2	2.721295	0	0	0	0	0	1	0	0
NV	1985	14.2	2.653242	0	0	0	0	0	0	1	0
NV	1986	13.9	2.631889	0	0	0	0	0	0	1	0
NV	1987	13.8	2.624669	0	0	0	0	0	0	0	1
NV	1988	13.2	2.580217	0	0	0	0	0	0	0	1
NY	1956	1.734075	.5504741	0	0	0	0	0	0	0	0
NY	1957	1.197627	.180342	0	0	0	0	0	0	0	0
NY	1958	.5	-.6931472	0	0	0	0	0	0	0	0
NY	1959	.5	-.6931472	0	0	0	0	0	0	0	0
NY	1960	.4	-.9162907	0	0	0	0	0	0	0	0
NY	1961	.4	-.9162907	0	0	0	0	0	0	0	0
NY	1962	.4	-.9162907	0	0	0	0	0	0	0	0
NY	1963	.4	-.9162907	0	0	0	0	0	0	0	0
NY	1964	.4	-.9162907	0	0	0	0	0	0	0	0
NY	1965	.5	-.6931472	0	0	0	0	0	0	0	0
NY	1966	.4	-.9162907	0	0	0	0	0	0	0	0
NY	1967	.4	-.9162907	0	0	0	0	0	0	0	0
NY	1968	.8	-.2231435	0	0	0	0	0	0	0	0
NY	1969	1.2	.1823216	0	0	0	0	0	0	0	0
NY	1970	1.4	.3364722	0	0	0	0	0	0	0	0
NY	1971	1.8	.5877866	0	0	0	0	0	0	0	0
NY	1972	2.2	.7884574	0	0	0	0	0	0	0	0
NY	1973	2.6	.9555114	0	0	0	0	0	0	0	0
NY	1974	3	1.098612	0	0	0	0	0	0	0	0
NY	1975	3.1	1.131402	0	0	0	0	0	0	0	0
NY	1976	3	1.098612	0	0	0	0	0	0	0	0
NY	1977	3.1	1.131402	0	0	0	0	0	0	0	0
NY	1978	3.3	1.193922	0	0	0	0	0	0	0	0
NY	1979	3.7	1.308333	0	0	0	0	0	0	0	0
NY	1980	3.5	1.252763	0	0	0	0	0	0	0	0
NY	1981	3.6	1.280934	0	0	0	0	0	0	0	0
NY	1982	3.6	1.280934	0	0	0	0	0	0	0	0
NY	1983	3.6	1.280934	0	0	0	0	0	0	0	0
NY	1984	3.6	1.280934	0	0	0	0	0	0	0	0
NY	1985	3.8	1.335001	0	0	0	0	0	0	0	0
NY	1986	3.7	1.308333	0	0	0	0	0	0	0	0
NY	1987	3.8	1.335001	0	0	0	0	0	0	0	0
NY	1988	3.5	1.252763	0	0	0	0	0	0	0	0
OH	1956	2.3	.8329091	0	0	0	0	0	0	0	0
OH	1957	2.4	.8754688	0	0	0	0	0	0	0	0
OH	1958	2.2	.7884574	0	0	0	0	0	0	0	0
OH	1959	2.3	.8329091	0	0	0	0	0	0	0	0
OH	1960	2.4	.8754688	0	0	0	0	0	0	0	0
OH	1961	2.3	.8329091	0	0	0	0	0	0	0	0
OH	1962	2.3	.8329091	0	0	0	0	0	0	0	0
OH	1963	2.4	.8754688	0	0	0	0	0	0	0	0
OH	1964	2.5	.9162908	0	0	0	0	0	0	0	0
OH	1965	2.5	.9162908	0	0	0	0	0	0	0	0
OH	1966	2.7	.9932518	0	0	0	0	0	0	0	0
OH	1967	2.8	1.029619	0	0	0	0	0	0	0	0
OH	1968	3	1.098612	0	0	0	0	0	0	0	0
OH	1969	3.3	1.193922	0	0	0	0	0	0	0	0
OH	1970	3.7	1.308333	0	0	0	0	0	0	0	0
OH	1971	3.9	1.360977	0	0	0	0	0	0	0	0
OH	1972	4.2	1.435084	0	0	0	0	0	0	0	0
OH	1973	4.5	1.504077	0	0	0	0	0	0	0	0
OH	1974	4.6	1.526056	0	0	0	0	0	0	0	0
OH	1975	4.9	1.589235	0	0	0	0	0	0	0	0
OH	1976	5.5	1.704748	0	0	0	0	0	0	0	0
OH	1977	5.3	1.667707	0	0	0	0	0	0	0	0
OH	1978	5.5	1.704748	0	0	0	0	0	0	0	0
OH	1979	5.5	1.704748	0	0	0	0	0	0	0	0
OH	1980	5.4	1.686399	0	0	0	0	0	0	0	0
OH	1981	5.4	1.686399	0	0	0	0	0	0	0	0
OH	1982	4.9	1.589235	0	0	0	0	0	0	0	0
OH	1983	5	1.609438	0	0	0	0	0	0	0	0
OH	1984	5	1.609438	0	0	0	0	0	0	0	0
OH	1985	4.9	1.589235	0	0	0	0	0	0	0	0
OH	1986	4.8	1.568616	0	0	0	0	0	0	0	0
OH	1987	4.6	1.526056	0	0	0	0	0	0	0	0
OH	1988	4.5	1.504077	0	0	0	0	0	0	0	0
OK	1956	5.6	1.722767	0	1	0	0	0	0	0	0
OK	1957	5.4	1.686399	0	0	1	0	0	0	0	0
OK	1958	5.5	1.704748	0	0	1	0	0	0	0	0
OK	1959	5.7	1.740466	0	0	0	1	0	0	0	0
OK	1960	4.6	1.526056	0	0	0	1	0	0	0	0
OK	1961	4.7	1.547562	0	0	0	0	1	0	0	0
OK	1962	4.6	1.526056	0	0	0	0	1	0	0	0
OK	1963	4.8	1.568616	0	0	0	0	0	1	0	0
OK	1964	5	1.609438	0	0	0	0	0	1	0	0
OK	1965	4.8	1.568616	0	0	0	0	0	0	1	0
OK	1966	4.9	1.589235	0	0	0	0	0	0	1	0
OK	1967	5.1	1.629241	0	0	0	0	0	0	0	1
OK	1968	5.7	1.740466	0	0	0	0	0	0	0	1
OK	1969	6.1	1.808289	0	0	0	0	0	0	0	1
OK	1970	6.6	1.88707	0	0	0	0	0	0	0	1
OK	1971	6.3	1.84055	0	0	0	0	0	0	0	1
OK	1972	6.9	1.931521	0	0	0	0	0	0	0	1
OK	1973	7.4	2.00148	0	0	0	0	0	0	0	1
OK	1974	8.2	2.104134	0	0	0	0	0	0	0	1
OK	1975	7.4	2.00148	0	0	0	0	0	0	0	1
OK	1976	7.6	2.028148	0	0	0	0	0	0	0	1
OK	1977	7.6	2.028148	0	0	0	0	0	0	0	1
OK	1978	7.7	2.04122	0	0	0	0	0	0	0	1
OK	1979	7.7	2.04122	0	0	0	0	0	0	0	1
OK	1980	8	2.079442	0	0	0	0	0	0	0	1
OK	1981	8.1	2.091864	0	0	0	0	0	0	0	1
OK	1982	7.4	2.00148	0	0	0	0	0	0	0	1
OK	1983	7.2	1.974081	0	0	0	0	0	0	0	1
OK	1984	7.3	1.987874	0	0	0	0	0	0	0	1
OK	1985	8	2.079442	0	0	0	0	0	0	0	1
OK	1986	7.5	2.014903	0	0	0	0	0	0	0	1
OK	1987	7.3	1.987874	0	0	0	0	0	0	0	1
OK	1988	7.1	1.960095	0	0	0	0	0	0	0	1
OR	1956	3.4	1.223776	0	0	0	0	0	0	0	0
OR	1957	3	1.098612	0	0	0	0	0	0	0	0
OR	1958	3.2	1.163151	0	0	0	0	0	0	0	0
OR	1959	3.4	1.223776	0	0	0	0	0	0	0	0
OR	1960	3.2	1.163151	0	0	0	0	0	0	0	0
OR	1961	3.4	1.223776	0	0	0	0	0	0	0	0
OR	1962	3.3	1.193922	0	0	0	0	0	0	0	0
OR	1963	3.3	1.193922	0	0	0	0	0	0	0	0
OR	1964	3.4	1.223776	0	0	0	0	0	0	0	0
OR	1965	3.2	1.163151	0	0	0	0	0	0	0	0
OR	1966	3.5	1.252763	0	0	0	0	0	0	0	0
OR	1967	3.8	1.335001	0	0	0	0	0	0	0	0
OR	1968	4.1	1.410987	0	0	0	0	0	0	0	0
OR	1969	4.3	1.458615	0	0	0	0	0	0	0	0
OR	1970	4.6	1.526056	0	0	0	0	0	0	0	0
OR	1971	5	1.609438	0	0	0	0	0	0	0	0
OR	1972	5.3	1.667707	0	0	0	0	0	0	0	0
OR	1973	5.5	1.704748	1	0	0	0	0	0	0	0
OR	1974	5.9	1.774952	1	0	0	0	0	0	0	0
OR	1975	6.7	1.902107	0	1	0	0	0	0	0	0
OR	1976	6.8	1.916923	0	1	0	0	0	0	0	0
OR	1977	6.7	1.902107	0	0	1	0	0	0	0	0
OR	1978	6.8	1.916923	0	0	1	0	0	0	0	0
OR	1979	6.8	1.916923	0	0	0	1	0	0	0	0
OR	1980	6.7	1.902107	0	0	0	1	0	0	0	0
OR	1981	6.7	1.902107	0	0	0	0	1	0	0	0
OR	1982	6.3	1.84055	0	0	0	0	1	0	0	0
OR	1983	6.1	1.808289	0	0	0	0	0	1	0	0
OR	1984	5.8	1.757858	0	0	0	0	0	1	0	0
OR	1985	5.9	1.774952	0	0	0	0	0	0	1	0
OR	1986	5.8	1.757858	0	0	0	0	0	0	1	0
OR	1987	5.7	1.740466	0	0	0	0	0	0	0	1
OR	1988	5.5	1.704748	0	0	0	0	0	0	0	1
PA	1956	1.1	.0953102	0	0	0	0	0	0	0	0
PA	1957	1	0	0	0	0	0	0	0	0	0
PA	1958	1.1	.0953102	0	0	0	0	0	0	0	0
PA	1959	1.2	.1823216	0	0	0	0	0	0	0	0
PA	1960	1.3	.2623642	0	0	0	0	0	0	0	0
PA	1961	1.2	.1823216	0	0	0	0	0	0	0	0
PA	1962	1.3	.2623642	0	0	0	0	0	0	0	0
PA	1963	1.3	.2623642	0	0	0	0	0	0	0	0
PA	1964	1.4	.3364722	0	0	0	0	0	0	0	0
PA	1965	1.4	.3364722	0	0	0	0	0	0	0	0
PA	1966	1.5	.4054651	0	0	0	0	0	0	0	0
PA	1967	1.6	.4700036	0	0	0	0	0	0	0	0
PA	1968	1.7	.5306283	0	0	0	0	0	0	0	0
PA	1969	1.8	.5877866	0	0	0	0	0	0	0	0
PA	1970	1.9	.6418539	0	0	0	0	0	0	0	0
PA	1971	2.1	.7419373	0	0	0	0	0	0	0	0
PA	1972	2.3	.8329091	0	0	0	0	0	0	0	0
PA	1973	2.6	.9555114	0	0	0	0	0	0	0	0
PA	1974	2.7	.9932518	0	0	0	0	0	0	0	0
PA	1975	2.9	1.064711	0	0	0	0	0	0	0	0
PA	1976	3.1	1.131402	0	0	0	0	0	0	0	0
PA	1977	3.2	1.163151	0	0	0	0	0	0	0	0
PA	1978	3.2	1.163151	0	0	0	0	0	0	0	0
PA	1979	3.4	1.223776	0	0	0	0	0	0	0	0
PA	1980	2.9	1.064711	0	0	0	0	0	0	0	0
PA	1981	3.3	1.193922	0	0	0	0	0	0	0	0
PA	1982	3.5	1.252763	0	0	0	0	0	0	0	0
PA	1983	3.4	1.223776	0	0	0	0	0	0	0	0
PA	1984	3.4	1.223776	0	0	0	0	0	0	0	0
PA	1985	3.4	1.223776	0	0	0	0	0	0	0	0
PA	1986	3.4	1.223776	0	0	0	0	0	0	0	0
PA	1987	3.3	1.193922	0	0	0	0	0	0	0	0
PA	1988	3.2	1.163151	0	0	0	0	0	0	0	0
RI	1956	1.1	.0953102	0	0	0	0	0	0	0	0
RI	1957	1.1	.0953102	0	0	0	0	0	0	0	0
RI	1958	1.1	.0953102	0	0	0	0	0	0	0	0
RI	1959	1.2	.1823216	0	0	0	0	0	0	0	0
RI	1960	1.1	.0953102	0	0	0	0	0	0	0	0
RI	1961	1.2	.1823216	0	0	0	0	0	0	0	0
RI	1962	1.1	.0953102	0	0	0	0	0	0	0	0
RI	1963	1.2	.1823216	0	0	0	0	0	0	0	0
RI	1964	1.2	.1823216	0	0	0	0	0	0	0	0
RI	1965	1.3	.2623642	0	0	0	0	0	0	0	0
RI	1966	1.4	.3364722	0	0	0	0	0	0	0	0
RI	1967	1	0	0	0	0	0	0	0	0	0
RI	1968	1.1	.0953102	0	0	0	0	0	0	0	0
RI	1969	1.4	.3364722	0	0	0	0	0	0	0	0
RI	1970	1.8	.5877866	0	0	0	0	0	0	0	0
RI	1971	1.9	.6418539	0	0	0	0	0	0	0	0
RI	1972	2.1	.7419373	0	0	0	0	0	0	0	0
RI	1973	2.5	.9162908	0	0	0	0	0	0	0	0
RI	1974	2.6	.9555114	0	0	0	0	0	0	0	0
RI	1975	2.8	1.029619	0	0	0	0	0	0	0	0
RI	1976	3.4	1.223776	1	0	0	0	0	0	0	0
RI	1977	3.6	1.280934	1	0	0	0	0	0	0	0
RI	1978	3.6	1.280934	0	1	0	0	0	0	0	0
RI	1979	3.8	1.335001	0	1	0	0	0	0	0	0
RI	1980	3.8	1.335001	0	0	1	0	0	0	0	0
RI	1981	3.6	1.280934	0	0	1	0	0	0	0	0
RI	1982	3.8	1.335001	0	0	0	1	0	0	0	0
RI	1983	3.7	1.308333	0	0	0	1	0	0	0	0
RI	1984	3.8	1.335001	0	0	0	0	1	0	0	0
RI	1985	3.8	1.335001	0	0	0	0	1	0	0	0
RI	1986	3.8	1.335001	0	0	0	0	0	1	0	0
RI	1987	3.7	1.308333	0	0	0	0	0	1	0	0
RI	1988	3.8	1.335001	0	0	0	0	0	0	1	0
SC	1956	1.2	.1823216	0	0	0	0	0	0	0	0
SC	1957	1.2	.1823216	0	0	0	0	0	0	0	0
SC	1958	1.2	.1823216	0	0	0	0	0	0	0	0
SC	1959	1.3	.2623642	0	0	0	0	0	0	0	0
SC	1960	1.3	.2623642	0	0	0	0	0	0	0	0
SC	1961	1.3	.2623642	0	0	0	0	0	0	0	0
SC	1962	1.1	.0953102	0	0	0	0	0	0	0	0
SC	1963	1	0	0	0	0	0	0	0	0	0
SC	1964	1	0	0	0	0	0	0	0	0	0
SC	1965	1.2	.1823216	0	0	0	0	0	0	0	0
SC	1966	1.2	.1823216	0	0	0	0	0	0	0	0
SC	1967	1.4	.3364722	0	0	0	0	0	0	0	0
SC	1968	1.7	.5306283	0	0	0	0	0	0	0	0
SC	1969	2	.6931472	0	0	0	0	0	0	0	0
SC	1970	2.3	.8329091	0	0	0	0	0	0	0	0
SC	1971	2.5	.9162908	0	0	0	0	0	0	0	0
SC	1972	2.8	1.029619	0	0	0	0	0	0	0	0
SC	1973	3	1.098612	0	0	0	0	0	0	0	0
SC	1974	3.1	1.131402	0	0	0	0	0	0	0	0
SC	1975	3.3	1.193922	0	0	0	0	0	0	0	0
SC	1976	3.6	1.280934	0	0	0	0	0	0	0	0
SC	1977	3.6	1.280934	0	0	0	0	0	0	0	0
SC	1978	3.9	1.360977	0	0	0	0	0	0	0	0
SC	1979	4.5	1.504077	0	0	0	0	0	0	0	0
SC	1980	4.4	1.481605	0	0	0	0	0	0	0	0
SC	1981	4.4	1.481605	0	0	0	0	0	0	0	0
SC	1982	4.2	1.435084	0	0	0	0	0	0	0	0
SC	1983	4.2	1.435084	0	0	0	0	0	0	0	0
SC	1984	4.1	1.410987	0	0	0	0	0	0	0	0
SC	1985	4	1.386294	0	0	0	0	0	0	0	0
SC	1986	4	1.386294	0	0	0	0	0	0	0	0
SC	1987	4	1.386294	0	0	0	0	0	0	0	0
SC	1988	4.2	1.435084	0	0	0	0	0	0	0	0
SD	1956	1.2	.1823216	0	0	0	0	0	0	0	0
SD	1957	.9	-.1053605	0	0	0	0	0	0	0	0
SD	1958	1	0	0	0	0	0	0	0	0	0
SD	1959	1.1	.0953102	0	0	0	0	0	0	0	0
SD	1960	1.2	.1823216	0	0	0	0	0	0	0	0
SD	1961	1.2	.1823216	0	0	0	0	0	0	0	0
SD	1962	1.2	.1823216	0	0	0	0	0	0	0	0
SD	1963	1.3	.2623642	0	0	0	0	0	0	0	0
SD	1964	1.4	.3364722	0	0	0	0	0	0	0	0
SD	1965	1.5	.4054651	0	0	0	0	0	0	0	0
SD	1966	1.4	.3364722	0	0	0	0	0	0	0	0
SD	1967	1.6	.4700036	0	0	0	0	0	0	0	0
SD	1968	1.9	.6418539	0	0	0	0	0	0	0	0
SD	1969	1.9	.6418539	0	0	0	0	0	0	0	0
SD	1970	2	.6931472	0	0	0	0	0	0	0	0
SD	1971	2.1	.7419373	0	0	0	0	0	0	0	0
SD	1972	2.4	.8754688	0	0	0	0	0	0	0	0
SD	1973	2.7	.9932518	0	0	0	0	0	0	0	0
SD	1974	3	1.098612	0	0	0	0	0	0	0	0
SD	1975	3.3	1.193922	0	0	0	0	0	0	0	0
SD	1976	3.4	1.223776	0	0	0	0	0	0	0	0
SD	1977	3.5	1.252763	0	0	0	0	0	0	0	0
SD	1978	3.6	1.280934	0	0	0	0	0	0	0	0
SD	1979	3.9	1.360977	0	0	0	0	0	0	0	0
SD	1980	4.1	1.410987	0	0	0	0	0	0	0	0
SD	1981	4	1.386294	0	0	0	0	0	0	0	0
SD	1982	3.7	1.308333	0	0	0	0	0	0	0	0
SD	1983	3.7	1.308333	0	0	0	0	0	0	0	0
SD	1984	3.5	1.252763	0	0	0	0	0	0	0	0
SD	1985	3.6	1.280934	1	0	0	0	0	0	0	0
SD	1986	3.6	1.280934	1	0	0	0	0	0	0	0
SD	1987	3.8	1.335001	0	1	0	0	0	0	0	0
SD	1988	3.7	1.308333	0	1	0	0	0	0	0	0
TN	1956	2.4	.8754688	0	0	0	0	0	0	0	0
TN	1957	2.5	.9162908	0	0	0	0	0	0	0	0
TN	1958	2.5	.9162908	0	0	0	0	0	0	0	0
TN	1959	2.6	.9555114	0	0	0	0	0	0	0	0
TN	1960	2.5	.9162908	0	0	0	0	0	0	0	0
TN	1961	2.6	.9555114	0	0	0	0	0	0	0	0
TN	1962	2.6	.9555114	0	0	0	0	0	0	0	0
TN	1963	2.8	1.029619	0	0	0	0	0	0	0	0
TN	1964	2.8	1.029619	0	0	0	0	0	0	0	0
TN	1965	2.9	1.064711	0	0	0	0	0	0	0	0
TN	1966	3	1.098612	0	0	0	0	0	0	0	0
TN	1967	3.2	1.163151	0	0	0	0	0	0	0	0
TN	1968	3.4	1.223776	0	0	0	0	0	0	0	0
TN	1969	3.9	1.360977	0	0	0	0	0	0	0	0
TN	1970	4.1	1.410987	0	0	0	0	0	0	0	0
TN	1971	4.4	1.481605	0	0	0	0	0	0	0	0
TN	1972	5	1.609438	0	0	0	0	0	0	0	0
TN	1973	5.3	1.667707	0	0	0	0	0	0	0	0
TN	1974	5.6	1.722767	0	0	0	0	0	0	0	0
TN	1975	6.9	1.931521	0	0	0	0	0	0	0	0
TN	1976	6.2	1.824549	0	0	0	0	0	0	0	0
TN	1977	6.2	1.824549	0	0	0	0	0	0	0	0
TN	1978	6.4	1.856298	0	0	0	0	0	0	0	0
TN	1979	6.6	1.88707	0	0	0	0	0	0	0	0
TN	1980	6.6	1.88707	0	0	0	0	0	0	0	0
TN	1981	6.7	1.902107	0	0	0	0	0	0	0	0
TN	1982	6.4	1.856298	0	0	0	0	0	0	0	0
TN	1983	6.3	1.84055	0	0	0	0	0	0	0	0
TN	1984	6.3	1.84055	0	0	0	0	0	0	0	0
TN	1985	6.3	1.84055	0	0	0	0	0	0	0	0
TN	1986	6.3	1.84055	0	0	0	0	0	0	0	0
TN	1987	6.2	1.824549	0	0	0	0	0	0	0	0
TN	1988	6.4	1.856298	0	0	0	0	0	0	0	0
TX	1956	3.8	1.335001	0	0	0	0	0	0	0	0
TX	1957	3.8	1.335001	0	0	0	0	0	0	0	0
TX	1958	3.6	1.280934	0	0	0	0	0	0	0	0
TX	1959	3.8	1.335001	0	0	0	0	0	0	0	0
TX	1960	3.6	1.280934	0	0	0	0	0	0	0	0
TX	1961	3.6	1.280934	0	0	0	0	0	0	0	0
TX	1962	3.6	1.280934	0	0	0	0	0	0	0	0
TX	1963	3.8	1.335001	0	0	0	0	0	0	0	0
TX	1964	3.9	1.360977	0	0	0	0	0	0	0	0
TX	1965	3.9	1.360977	0	0	0	0	0	0	0	0
TX	1966	4	1.386294	0	0	0	0	0	0	0	0
TX	1967	4.2	1.435084	0	0	0	0	0	0	0	0
TX	1968	4.5	1.504077	0	0	0	0	0	0	0	0
TX	1969	4.2	1.435084	0	0	0	0	0	0	0	0
TX	1970	4.6	1.526056	0	0	0	0	0	0	0	0
TX	1971	4.8	1.568616	0	0	0	0	0	0	0	0
TX	1972	5.1	1.629241	0	0	0	0	0	0	0	0
TX	1973	5.3	1.667707	0	0	0	0	0	0	0	0
TX	1974	5.7	1.740466	1	0	0	0	0	0	0	0
TX	1975	6.1	1.808289	1	0	0	0	0	0	0	0
TX	1976	6.2	1.824549	0	1	0	0	0	0	0	0
TX	1977	6.2	1.824549	0	1	0	0	0	0	0	0
TX	1978	6.4	1.856298	0	0	1	0	0	0	0	0
TX	1979	6.7	1.902107	0	0	1	0	0	0	0	0
TX	1980	6.8	1.916923	0	0	0	1	0	0	0	0
TX	1981	6.9	1.931521	0	0	0	1	0	0	0	0
TX	1982	6.4	1.856298	0	0	0	0	1	0	0	0
TX	1983	6.2	1.824549	0	0	0	0	1	0	0	0
TX	1984	6.2	1.824549	0	0	0	0	0	1	0	0
TX	1985	6.1	1.808289	0	0	0	0	0	1	0	0
TX	1986	5.9	1.774952	0	0	0	0	0	0	1	0
TX	1987	5.7	1.740466	0	0	0	0	0	0	1	0
TX	1988	5.6	1.722767	0	0	0	0	0	0	0	1
UT	1956	2.7	.9932518	0	0	0	0	0	0	0	0
UT	1957	1.6	.4700036	0	0	0	0	0	0	0	0
UT	1958	1.5	.4054651	0	0	0	0	0	0	0	0
UT	1959	1.5	.4054651	0	0	0	0	0	0	0	0
UT	1960	2.4	.8754688	0	0	0	0	0	0	0	0
UT	1961	2.5	.9162908	0	0	0	0	0	0	0	0
UT	1962	2.6	.9555114	0	0	0	0	0	0	0	0
UT	1963	2.7	.9932518	0	0	0	0	0	0	0	0
UT	1964	3	1.098612	0	0	0	0	0	0	0	0
UT	1965	2.9	1.064711	0	0	0	0	0	0	0	0
UT	1966	3.1	1.131402	0	0	0	0	0	0	0	0
UT	1967	3.2	1.163151	0	0	0	0	0	0	0	0
UT	1968	3.3	1.193922	0	0	0	0	0	0	0	0
UT	1969	3.7	1.308333	0	0	0	0	0	0	0	0
UT	1970	3.7	1.308333	0	0	0	0	0	0	0	0
UT	1971	4	1.386294	0	0	0	0	0	0	0	0
UT	1972	4.3	1.458615	0	0	0	0	0	0	0	0
UT	1973	4.5	1.504077	0	0	0	0	0	0	0	0
UT	1974	4.7	1.547562	0	0	0	0	0	0	0	0
UT	1975	5	1.609438	0	0	0	0	0	0	0	0
UT	1976	4.9	1.589235	0	0	0	0	0	0	0	0
UT	1977	5.3	1.667707	0	0	0	0	0	0	0	0
UT	1978	5.2	1.648659	0	0	0	0	0	0	0	0
UT	1979	5.4	1.686399	0	0	0	0	0	0	0	0
UT	1980	5.3	1.667707	0	0	0	0	0	0	0	0
UT	1981	5.3	1.667707	0	0	0	0	0	0	0	0
UT	1982	5.4	1.686399	0	0	0	0	0	0	0	0
UT	1983	5.3	1.667707	0	0	0	0	0	0	0	0
UT	1984	5	1.609438	0	0	0	0	0	0	0	0
UT	1985	5.3	1.667707	0	0	0	0	0	0	0	0
UT	1986	5.2	1.648659	0	0	0	0	0	0	0	0
UT	1987	5.3	1.667707	0	0	0	0	0	0	0	0
UT	1988	4.8	1.568616	0	0	0	0	0	0	0	0
VA	1956	1.9	.6418539	0	0	0	0	0	0	0	0
VA	1957	1.7	.5306283	0	0	0	0	0	0	0	0
VA	1958	1.7	.5306283	0	0	0	0	0	0	0	0
VA	1959	1.8	.5877866	0	0	0	0	0	0	0	0
VA	1960	1.9	.6418539	0	0	0	0	0	0	0	0
VA	1961	1.8	.5877866	0	0	0	0	0	0	0	0
VA	1962	1.8	.5877866	0	0	0	0	0	0	0	0
VA	1963	1.9	.6418539	0	0	0	0	0	0	0	0
VA	1964	2	.6931472	0	0	0	0	0	0	0	0
VA	1965	2	.6931472	0	0	0	0	0	0	0	0
VA	1966	2.1	.7419373	0	0	0	0	0	0	0	0
VA	1967	2.1	.7419373	0	0	0	0	0	0	0	0
VA	1968	2.3	.8329091	0	0	0	0	0	0	0	0
VA	1969	2.4	.8754688	0	0	0	0	0	0	0	0
VA	1970	2.6	.9555114	0	0	0	0	0	0	0	0
VA	1971	2.8	1.029619	0	0	0	0	0	0	0	0
VA	1972	2.9	1.064711	0	0	0	0	0	0	0	0
VA	1973	3.3	1.193922	0	0	0	0	0	0	0	0
VA	1974	3.4	1.223776	0	0	0	0	0	0	0	0
VA	1975	3.9	1.360977	0	0	0	0	0	0	0	0
VA	1976	4.2	1.435084	0	0	0	0	0	0	0	0
VA	1977	4.1	1.410987	0	0	0	0	0	0	0	0
VA	1978	4.3	1.458615	0	0	0	0	0	0	0	0
VA	1979	4.4	1.481605	0	0	0	0	0	0	0	0
VA	1980	4.4	1.481605	0	0	0	0	0	0	0	0
VA	1981	4.6	1.526056	0	0	0	0	0	0	0	0
VA	1982	4.8	1.568616	0	0	0	0	0	0	0	0
VA	1983	4.6	1.526056	0	0	0	0	0	0	0	0
VA	1984	4.4	1.481605	0	0	0	0	0	0	0	0
VA	1985	4.2	1.435084	0	0	0	0	0	0	0	0
VA	1986	4.3	1.458615	0	0	0	0	0	0	0	0
VA	1987	4.3	1.458615	0	0	0	0	0	0	0	0
VA	1988	4.3	1.458615	0	0	0	0	0	0	0	0
VT	1956	1.4	.3364722	0	0	0	0	0	0	0	0
VT	1957	1.4	.3364722	0	0	0	0	0	0	0	0
VT	1958	1.3	.2623642	0	0	0	0	0	0	0	0
VT	1959	1.3	.2623642	0	0	0	0	0	0	0	0
VT	1960	1.2	.1823216	0	0	0	0	0	0	0	0
VT	1961	1.2	.1823216	0	0	0	0	0	0	0	0
VT	1962	1.2	.1823216	0	0	0	0	0	0	0	0
VT	1963	1.3	.2623642	0	0	0	0	0	0	0	0
VT	1964	1.5	.4054651	0	0	0	0	0	0	0	0
VT	1965	1.5	.4054651	0	0	0	0	0	0	0	0
VT	1966	1.5	.4054651	0	0	0	0	0	0	0	0
VT	1967	1.6	.4700036	0	0	0	0	0	0	0	0
VT	1968	1.8	.5877866	0	0	0	0	0	0	0	0
VT	1969	1.8	.5877866	0	0	0	0	0	0	0	0
VT	1970	2.3	.8329091	0	0	0	0	0	0	0	0
VT	1971	2.6	.9555114	0	0	0	0	0	0	0	0
VT	1972	2.7	.9932518	0	0	0	0	0	0	0	0
VT	1973	3.4	1.223776	0	0	0	0	0	0	0	0
VT	1974	3.4	1.223776	0	0	0	0	0	0	0	0
VT	1975	4	1.386294	0	0	0	0	0	0	0	0
VT	1976	3.9	1.360977	0	0	0	0	0	0	0	0
VT	1977	4.3	1.458615	0	0	0	0	0	0	0	0
VT	1978	4.1	1.410987	0	0	0	0	0	0	0	0
VT	1979	4.5	1.504077	0	0	0	0	0	0	0	0
VT	1980	5.1	1.629241	0	0	0	0	0	0	0	0
VT	1981	4.4	1.481605	0	0	0	0	0	0	0	0
VT	1982	5	1.609438	0	0	0	0	0	0	0	0
VT	1983	4.9	1.589235	0	0	0	0	0	0	0	0
VT	1984	4.4	1.481605	0	0	0	0	0	0	0	0
VT	1985	4.4	1.481605	0	0	0	0	0	0	0	0
VT	1986	4.5	1.504077	0	0	0	0	0	0	0	0
VT	1987	4.4	1.481605	0	0	0	0	0	0	0	0
VT	1988	4.6	1.526056	0	0	0	0	0	0	0	0
WA	1956	3.2	1.163151	0	0	0	0	0	0	0	0
WA	1957	4.7	1.547562	0	0	0	0	0	0	0	0
WA	1958	3.2	1.163151	0	0	0	0	0	0	0	0
WA	1959	3.3	1.193922	0	0	0	0	0	0	0	0
WA	1960	3.3	1.193922	0	0	0	0	0	0	0	0
WA	1961	3.2	1.163151	0	0	0	0	0	0	0	0
WA	1962	3.3	1.193922	0	0	0	0	0	0	0	0
WA	1963	3.4	1.223776	0	0	0	0	0	0	0	0
WA	1964	3.7	1.308333	0	0	0	0	0	0	0	0
WA	1965	3.9	1.360977	0	0	0	0	0	0	0	0
WA	1966	3.8	1.335001	0	0	0	0	0	0	0	0
WA	1967	4	1.386294	0	0	0	0	0	0	0	0
WA	1968	4.8	1.568616	0	0	0	0	0	0	0	0
WA	1969	4.9	1.589235	0	0	0	0	0	0	0	0
WA	1970	5.2	1.648659	0	0	0	0	0	0	0	0
WA	1971	5.6	1.722767	0	0	0	0	0	0	0	0
WA	1972	6	1.791759	0	0	0	0	0	0	0	0
WA	1973	6.2	1.824549	1	0	0	0	0	0	0	0
WA	1974	6.7	1.902107	1	0	0	0	0	0	0	0
WA	1975	7.1	1.960095	0	1	0	0	0	0	0	0
WA	1976	7.3	1.987874	0	1	0	0	0	0	0	0
WA	1977	7.1	1.960095	0	0	1	0	0	0	0	0
WA	1978	6.8	1.916923	0	0	1	0	0	0	0	0
WA	1979	6.7	1.902107	0	0	0	1	0	0	0	0
WA	1980	6.9	1.931521	0	0	0	1	0	0	0	0
WA	1981	7	1.94591	0	0	0	0	1	0	0	0
WA	1982	6.5	1.871802	0	0	0	0	1	0	0	0
WA	1983	6.4	1.856298	0	0	0	0	0	1	0	0
WA	1984	6.2	1.824549	0	0	0	0	0	1	0	0
WA	1985	6	1.791759	0	0	0	0	0	0	1	0
WA	1986	5.9	1.774952	0	0	0	0	0	0	1	0
WA	1987	5.9	1.774952	0	0	0	0	0	0	0	1
WA	1988	5.7	1.740466	0	0	0	0	0	0	0	1
WI	1956	1.2	.1823216	0	0	0	0	0	0	0	0
WI	1957	1.2	.1823216	0	0	0	0	0	0	0	0
WI	1958	1.2	.1823216	0	0	0	0	0	0	0	0
WI	1959	1.2	.1823216	0	0	0	0	0	0	0	0
WI	1960	.9	-.1053605	0	0	0	0	0	0	0	0
WI	1961	1.1	.0953102	0	0	0	0	0	0	0	0
WI	1962	1.1	.0953102	0	0	0	0	0	0	0	0
WI	1963	1.2	.1823216	0	0	0	0	0	0	0	0
WI	1964	1.3	.2623642	0	0	0	0	0	0	0	0
WI	1965	1.3	.2623642	0	0	0	0	0	0	0	0
WI	1966	1.3	.2623642	0	0	0	0	0	0	0	0
WI	1967	1.4	.3364722	0	0	0	0	0	0	0	0
WI	1968	1.7	.5306283	0	0	0	0	0	0	0	0
WI	1969	1.9	.6418539	0	0	0	0	0	0	0	0
WI	1970	2	.6931472	0	0	0	0	0	0	0	0
WI	1971	2	.6931472	0	0	0	0	0	0	0	0
WI	1972	2.3	.8329091	0	0	0	0	0	0	0	0
WI	1973	2.6	.9555114	0	0	0	0	0	0	0	0
WI	1974	2.7	.9932518	0	0	0	0	0	0	0	0
WI	1975	2.9	1.064711	0	0	0	0	0	0	0	0
WI	1976	3.2	1.163151	0	0	0	0	0	0	0	0
WI	1977	3.2	1.163151	0	0	0	0	0	0	0	0
WI	1978	3.5	1.252763	0	0	0	0	0	0	0	0
WI	1979	3.7	1.308333	0	0	0	0	0	0	0	0
WI	1980	3.7	1.308333	0	0	0	0	0	0	0	0
WI	1981	3.9	1.360977	0	0	0	0	0	0	0	0
WI	1982	3.7	1.308333	0	0	0	0	0	0	0	0
WI	1983	3.5	1.252763	0	0	0	0	0	0	0	0
WI	1984	3.5	1.252763	0	0	0	0	0	0	0	0
WI	1985	3.5	1.252763	0	0	0	0	0	0	0	0
WI	1986	3.4	1.223776	0	0	0	0	0	0	0	0
WI	1987	3.5	1.252763	0	0	0	0	0	0	0	0
WI	1988	3.5	1.252763	0	0	0	0	0	0	0	0
WV	1956	2.647066	.9734519	0	0	0	0	0	0	0	0
WV	1957	2.340601	.8504076	0	0	0	0	0	0	0	0
WV	1958	1.9	.6418539	0	0	0	0	0	0	0	0
WV	1959	1.8	.5877866	0	0	0	0	0	0	0	0
WV	1960	1.9	.6418539	0	0	0	0	0	0	0	0
WV	1961	2.1	.7419373	0	0	0	0	0	0	0	0
WV	1962	2.1	.7419373	0	0	0	0	0	0	0	0
WV	1963	2.1	.7419373	0	0	0	0	0	0	0	0
WV	1964	2.1	.7419373	0	0	0	0	0	0	0	0
WV	1965	2.1	.7419373	0	0	0	0	0	0	0	0
WV	1966	2.2	.7884574	0	0	0	0	0	0	0	0
WV	1967	2.2	.7884574	0	0	0	0	0	0	0	0
WV	1968	2.4	.8754688	0	0	0	0	0	0	0	0
WV	1969	2.6	.9555114	0	0	0	0	0	0	0	0
WV	1970	3.2	1.163151	0	0	0	0	0	0	0	0
WV	1971	3.5	1.252763	0	0	0	0	0	0	0	0
WV	1972	3.5	1.252763	0	0	0	0	0	0	0	0
WV	1973	3.9	1.360977	0	0	0	0	0	0	0	0
WV	1974	4	1.386294	0	0	0	0	0	0	0	0
WV	1975	4.7	1.547562	0	0	0	0	0	0	0	0
WV	1976	4.7	1.547562	0	0	0	0	0	0	0	0
WV	1977	5	1.609438	0	0	0	0	0	0	0	0
WV	1978	5.1	1.629241	0	0	0	0	0	0	0	0
WV	1979	5.2	1.648659	0	0	0	0	0	0	0	0
WV	1980	5.3	1.667707	0	0	0	0	0	0	0	0
WV	1981	5.5	1.704748	0	0	0	0	0	0	0	0
WV	1982	5.2	1.648659	0	0	0	0	0	0	0	0
WV	1983	5.2	1.648659	0	0	0	0	0	0	0	0
WV	1984	4.9	1.589235	0	0	0	0	0	0	0	0
WV	1985	5.1	1.629241	0	0	0	0	0	0	0	0
WV	1986	5.1	1.629241	0	0	0	0	0	0	0	0
WV	1987	4.8	1.568616	0	0	0	0	0	0	0	0
WV	1988	5	1.609438	0	0	0	0	0	0	0	0
WY	1956	3.6	1.280934	0	0	0	0	0	0	0	0
WY	1957	3.6	1.280934	0	0	0	0	0	0	0	0
WY	1958	3.8	1.335001	0	0	0	0	0	0	0	0
WY	1959	3.8	1.335001	0	0	0	0	0	0	0	0
WY	1960	4	1.386294	0	0	0	0	0	0	0	0
WY	1961	3.9	1.360977	0	0	0	0	0	0	0	0
WY	1962	4	1.386294	0	0	0	0	0	0	0	0
WY	1963	4.1	1.410987	0	0	0	0	0	0	0	0
WY	1964	4.2	1.435084	0	0	0	0	0	0	0	0
WY	1965	4.3	1.458615	0	0	0	0	0	0	0	0
WY	1966	4.6	1.526056	0	0	0	0	0	0	0	0
WY	1967	4.9	1.589235	0	0	0	0	0	0	0	0
WY	1968	5.1	1.629241	0	0	0	0	0	0	0	0
WY	1969	5.4	1.686399	0	0	0	0	0	0	0	0
WY	1970	5.4	1.686399	0	0	0	0	0	0	0	0
WY	1971	5.8	1.757858	0	0	0	0	0	0	0	0
WY	1972	6.4	1.856298	0	0	0	0	0	0	0	0
WY	1973	6.4	1.856298	0	0	0	0	0	0	0	0
WY	1974	6.9	1.931521	0	0	0	0	0	0	0	0
WY	1975	7.5	2.014903	0	0	0	0	0	0	0	0
WY	1976	7.2	1.974081	0	0	0	0	0	0	0	0
WY	1977	7.4	2.00148	1	0	0	0	0	0	0	0
WY	1978	7.3	1.987874	1	0	0	0	0	0	0	0
WY	1979	7.8	2.054124	0	1	0	0	0	0	0	0
WY	1980	8.5	2.140066	0	1	0	0	0	0	0	0
WY	1981	8.5	2.140066	0	0	1	0	0	0	0	0
WY	1982	7.8	2.054124	0	0	1	0	0	0	0	0
WY	1983	7.7	2.04122	0	0	0	1	0	0	0	0
WY	1984	7.3	1.987874	0	0	0	1	0	0	0	0
WY	1985	7.5	2.014903	0	0	0	0	1	0	0	0
WY	1986	7	1.94591	0	0	0	0	1	0	0	0
WY	1987	6.5	1.871802	0	0	0	0	0	1	0	0
WY	1988	6.9	1.931521	0	0	0	0	0	1	0	0
